
NBTree
------------------

c_47 = 1
|   w_free = 1: NB 2
|   w_free = 0
|   |   c_£ = 1: NB 4
|   |   c_£ = 0
|   |   |   w_reply = 1: NB 6
|   |   |   w_reply = 0
|   |   |   |   w_www = 1: NB 8
|   |   |   |   w_www = 0
|   |   |   |   |   w_rat = 1: NB 10
|   |   |   |   |   w_rat = 0: NB 11
c_47 = 0: NB 12

Leaf number: 2 Naive Bayes Classifier

                Class
Attribute        SPAM    HAM
               (0.93) (0.07)
=============================
c_£
  1                7.0    1.0
  0                7.0    1.0
  [total]         14.0    2.0

c_47
  1               13.0    1.0
  0                1.0    1.0
  [total]         14.0    2.0

w_cal
  1                4.0    1.0
  0               10.0    1.0
  [total]         14.0    2.0

w_p
  1                3.0    1.0
  0               11.0    1.0
  [total]         14.0    2.0

w_txt
  1                7.0    1.0
  0                7.0    1.0
  [total]         14.0    2.0

c_33
  1                8.0    1.0
  0                6.0    1.0
  [total]         14.0    2.0

w_claim
  1                1.0    1.0
  0               13.0    1.0
  [total]         14.0    2.0

w_fre
  1                4.0    1.0
  0               10.0    1.0
  [total]         14.0    2.0

w_i
  1                3.0    1.0
  0               11.0    1.0
  [total]         14.0    2.0

w_to
  1                8.0    1.0
  0                6.0    1.0
  [total]         14.0    2.0

w_www
  1                1.0    1.0
  0               13.0    1.0
  [total]         14.0    2.0

w_mobl
  1                3.0    1.0
  0               11.0    1.0
  [total]         14.0    2.0

w_uk
  1                5.0    1.0
  0                9.0    1.0
  [total]         14.0    2.0

w_yo
  1                3.0    1.0
  0               11.0    1.0
  [total]         14.0    2.0

c_43
  1                2.0    1.0
  0               12.0    1.0
  [total]         14.0    2.0

w_stop
  1                2.0    1.0
  0               12.0    1.0
  [total]         14.0    2.0

w_or
  1                5.0    1.0
  0                9.0    1.0
  [total]         14.0    2.0

w_text
  1                5.0    1.0
  0                9.0    1.0
  [total]         14.0    2.0

w_now
  1                2.0    1.0
  0               12.0    1.0
  [total]         14.0    2.0

w_reply
  1                2.0    1.0
  0               12.0    1.0
  [total]         14.0    2.0

w_priz
  1                1.0    1.0
  0               13.0    1.0
  [total]         14.0    2.0

w_award
  1                1.0    1.0
  0               13.0    1.0
  [total]         14.0    2.0

w_win
  1                1.0    1.0
  0               13.0    1.0
  [total]         14.0    2.0

w_won
  1                1.0    1.0
  0               13.0    1.0
  [total]         14.0    2.0

w_box
  1                1.0    1.0
  0               13.0    1.0
  [total]         14.0    2.0

w_serv
  1                1.0    1.0
  0               13.0    1.0
  [total]         14.0    2.0

w_ppm
  1                1.0    1.0
  0               13.0    1.0
  [total]         14.0    2.0

w_co
  1                3.0    1.0
  0               11.0    1.0
  [total]         14.0    2.0

w_from
  1                2.0    1.0
  0               12.0    1.0
  [total]         14.0    2.0

w_ton
  1                3.0    1.0
  0               11.0    1.0
  [total]         14.0    2.0

w_cash
  1                1.0    1.0
  0               13.0    1.0
  [total]         14.0    2.0

w_contact
  1                1.0    1.0
  0               13.0    1.0
  [total]         14.0    2.0

w_cs
  1                1.0    1.0
  0               13.0    1.0
  [total]         14.0    2.0

w_nok
  1                4.0    1.0
  0               10.0    1.0
  [total]         14.0    2.0

w_pobox
  1                1.0    1.0
  0               13.0    1.0
  [total]         14.0    2.0

w_a
  1                5.0    1.0
  0                9.0    1.0
  [total]         14.0    2.0

w_urgent
  1                1.0    1.0
  0               13.0    1.0
  [total]         14.0    2.0

w_our
  1                1.0    1.0
  0               13.0    1.0
  [total]         14.0    2.0

w_prize
  1                1.0    1.0
  0               13.0    1.0
  [total]         14.0    2.0

w_w
  1                1.0    1.0
  0               13.0    1.0
  [total]         14.0    2.0

w_draw
  1                1.0    1.0
  0               13.0    1.0
  [total]         14.0    2.0

w_week
  1                1.0    1.0
  0               13.0    1.0
  [total]         14.0    2.0

w_per
  1                1.0    1.0
  0               13.0    1.0
  [total]         14.0    2.0

w_po
  1                1.0    1.0
  0               13.0    1.0
  [total]         14.0    2.0

w_latest
  1                5.0    1.0
  0                9.0    1.0
  [total]         14.0    2.0

w_free
  1               13.0    1.0
  0                1.0    1.0
  [total]         14.0    2.0

w_custom
  1                1.0    1.0
  0               13.0    1.0
  [total]         14.0    2.0

w_new
  1                3.0    1.0
  0               11.0    1.0
  [total]         14.0    2.0

w_guarantee
  1                1.0    1.0
  0               13.0    1.0
  [total]         14.0    2.0

w_my
  1                1.0    1.0
  0               13.0    1.0
  [total]         14.0    2.0

w_for
  1                6.0    1.0
  0                8.0    1.0
  [total]         14.0    2.0

w_vouch
  1                1.0    1.0
  0               13.0    1.0
  [total]         14.0    2.0

w_ur
  1                2.0    1.0
  0               12.0    1.0
  [total]         14.0    2.0

w_valid
  1                1.0    1.0
  0               13.0    1.0
  [total]         14.0    2.0

c_38
  1                3.0    1.0
  0               11.0    1.0
  [total]         14.0    2.0

w_video
  1                3.0    1.0
  0               11.0    1.0
  [total]         14.0    2.0

w_min
  1                3.0    1.0
  0               11.0    1.0
  [total]         14.0    2.0

w_select
  1                1.0    1.0
  0               13.0    1.0
  [total]         14.0    2.0

w_rington
  1                1.0    1.0
  0               13.0    1.0
  [total]         14.0    2.0

w_mob
  1                1.0    1.0
  0               13.0    1.0
  [total]         14.0    2.0

w_await
  1                1.0    1.0
  0               13.0    1.0
  [total]         14.0    2.0

w_collect
  1                1.0    1.0
  0               13.0    1.0
  [total]         14.0    2.0

w_cost
  1                1.0    1.0
  0               13.0    1.0
  [total]         14.0    2.0

w_receiv
  1                1.0    1.0
  0               13.0    1.0
  [total]         14.0    2.0

w_chat
  1                1.0    1.0
  0               13.0    1.0
  [total]         14.0    2.0

w_apply
  1                1.0    1.0
  0               13.0    1.0
  [total]         14.0    2.0

w_on
  1                4.0    1.0
  0               10.0    1.0
  [total]         14.0    2.0

w_entry
  1                1.0    1.0
  0               13.0    1.0
  [total]         14.0    2.0

w_optout
  1                3.0    1.0
  0               11.0    1.0
  [total]         14.0    2.0

w_msg
  1                1.0    1.0
  0               13.0    1.0
  [total]         14.0    2.0

c_39
  1                3.0    1.0
  0               11.0    1.0
  [total]         14.0    2.0

c_59
  1                1.0    1.0
  0               13.0    1.0
  [total]         14.0    2.0

w_mins
  1                2.0    1.0
  0               12.0    1.0
  [total]         14.0    2.0

w_http
  1                1.0    1.0
  0               13.0    1.0
  [total]         14.0    2.0

w_landline
  1                1.0    1.0
  0               13.0    1.0
  [total]         14.0    2.0

w_guaranteed
  1                1.0    1.0
  0               13.0    1.0
  [total]         14.0    2.0

w_sae
  1                1.0    1.0
  0               13.0    1.0
  [total]         14.0    2.0

w_camer
  1                1.0    1.0
  0               13.0    1.0
  [total]         14.0    2.0

w_c
  1                3.0    1.0
  0               11.0    1.0
  [total]         14.0    2.0

w_rat
  1                1.0    1.0
  0               13.0    1.0
  [total]         14.0    2.0

w_poly
  1                3.0    1.0
  0               11.0    1.0
  [total]         14.0    2.0

w_but
  1                1.0    1.0
  0               13.0    1.0
  [total]         14.0    2.0

w_network
  1                1.0    1.0
  0               13.0    1.0
  [total]         14.0    2.0

w_orang
  1                4.0    1.0
  0               10.0    1.0
  [total]         14.0    2.0

w_it
  1                1.0    1.0
  0               13.0    1.0
  [total]         14.0    2.0



Leaf number: 4 Naive Bayes Classifier

                Class
Attribute        SPAM    HAM
               (0.98) (0.02)
=============================
c_£
  1               60.0    1.0
  0                1.0    1.0
  [total]         61.0    2.0

c_47
  1               60.0    1.0
  0                1.0    1.0
  [total]         61.0    2.0

w_cal
  1               25.0    1.0
  0               36.0    1.0
  [total]         61.0    2.0

w_p
  1               19.0    1.0
  0               42.0    1.0
  [total]         61.0    2.0

w_txt
  1               21.0    1.0
  0               40.0    1.0
  [total]         61.0    2.0

c_33
  1               36.0    1.0
  0               25.0    1.0
  [total]         61.0    2.0

w_claim
  1                7.0    1.0
  0               54.0    1.0
  [total]         61.0    2.0

w_fre
  1                5.0    1.0
  0               56.0    1.0
  [total]         61.0    2.0

w_i
  1                4.0    1.0
  0               57.0    1.0
  [total]         61.0    2.0

w_to
  1               45.0    1.0
  0               16.0    1.0
  [total]         61.0    2.0

w_www
  1               11.0    1.0
  0               50.0    1.0
  [total]         61.0    2.0

w_mobl
  1               19.0    1.0
  0               42.0    1.0
  [total]         61.0    2.0

w_uk
  1                5.0    1.0
  0               56.0    1.0
  [total]         61.0    2.0

w_yo
  1               28.0    1.0
  0               33.0    1.0
  [total]         61.0    2.0

c_43
  1               10.0    1.0
  0               51.0    1.0
  [total]         61.0    2.0

w_stop
  1                4.0    1.0
  0               57.0    1.0
  [total]         61.0    2.0

w_or
  1               19.0    1.0
  0               42.0    1.0
  [total]         61.0    2.0

w_text
  1                4.0    1.0
  0               57.0    1.0
  [total]         61.0    2.0

w_now
  1               25.0    1.0
  0               36.0    1.0
  [total]         61.0    2.0

w_reply
  1                4.0    1.0
  0               57.0    1.0
  [total]         61.0    2.0

w_priz
  1               15.0    1.0
  0               46.0    1.0
  [total]         61.0    2.0

w_award
  1                7.0    1.0
  0               54.0    1.0
  [total]         61.0    2.0

w_win
  1               15.0    1.0
  0               46.0    1.0
  [total]         61.0    2.0

w_won
  1               11.0    1.0
  0               50.0    1.0
  [total]         61.0    2.0

w_box
  1               10.0    1.0
  0               51.0    1.0
  [total]         61.0    2.0

w_serv
  1                1.0    1.0
  0               60.0    1.0
  [total]         61.0    2.0

w_ppm
  1                9.0    1.0
  0               52.0    1.0
  [total]         61.0    2.0

w_co
  1                2.0    1.0
  0               59.0    1.0
  [total]         61.0    2.0

w_from
  1                8.0    1.0
  0               53.0    1.0
  [total]         61.0    2.0

w_ton
  1                2.0    1.0
  0               59.0    1.0
  [total]         61.0    2.0

w_cash
  1                8.0    1.0
  0               53.0    1.0
  [total]         61.0    2.0

w_contact
  1                7.0    1.0
  0               54.0    1.0
  [total]         61.0    2.0

w_cs
  1                6.0    1.0
  0               55.0    1.0
  [total]         61.0    2.0

w_nok
  1               10.0    1.0
  0               51.0    1.0
  [total]         61.0    2.0

w_pobox
  1                8.0    1.0
  0               53.0    1.0
  [total]         61.0    2.0

w_a
  1               28.0    1.0
  0               33.0    1.0
  [total]         61.0    2.0

w_urgent
  1               13.0    1.0
  0               48.0    1.0
  [total]         61.0    2.0

w_our
  1               10.0    1.0
  0               51.0    1.0
  [total]         61.0    2.0

w_prize
  1                5.0    1.0
  0               56.0    1.0
  [total]         61.0    2.0

w_w
  1                1.0    1.0
  0               60.0    1.0
  [total]         61.0    2.0

w_draw
  1                5.0    1.0
  0               56.0    1.0
  [total]         61.0    2.0

w_week
  1                8.0    1.0
  0               53.0    1.0
  [total]         61.0    2.0

w_per
  1                1.0    1.0
  0               60.0    1.0
  [total]         61.0    2.0

w_po
  1                4.0    1.0
  0               57.0    1.0
  [total]         61.0    2.0

w_latest
  1                7.0    1.0
  0               54.0    1.0
  [total]         61.0    2.0

w_free
  1                1.0    1.0
  0               60.0    1.0
  [total]         61.0    2.0

w_custom
  1                3.0    1.0
  0               58.0    1.0
  [total]         61.0    2.0

w_new
  1                8.0    1.0
  0               53.0    1.0
  [total]         61.0    2.0

w_guarantee
  1                6.0    1.0
  0               55.0    1.0
  [total]         61.0    2.0

w_my
  1                1.0    1.0
  0               60.0    1.0
  [total]         61.0    2.0

w_for
  1                9.0    1.0
  0               52.0    1.0
  [total]         61.0    2.0

w_vouch
  1                2.0    1.0
  0               59.0    1.0
  [total]         61.0    2.0

w_ur
  1               13.0    1.0
  0               48.0    1.0
  [total]         61.0    2.0

w_valid
  1                1.0    1.0
  0               60.0    1.0
  [total]         61.0    2.0

c_38
  1               19.0    1.0
  0               42.0    1.0
  [total]         61.0    2.0

w_video
  1                1.0    1.0
  0               60.0    1.0
  [total]         61.0    2.0

w_min
  1                3.0    1.0
  0               58.0    1.0
  [total]         61.0    2.0

w_select
  1                3.0    1.0
  0               58.0    1.0
  [total]         61.0    2.0

w_rington
  1                2.0    1.0
  0               59.0    1.0
  [total]         61.0    2.0

w_mob
  1                1.0    1.0
  0               60.0    1.0
  [total]         61.0    2.0

w_await
  1                7.0    1.0
  0               54.0    1.0
  [total]         61.0    2.0

w_collect
  1                8.0    1.0
  0               53.0    1.0
  [total]         61.0    2.0

w_cost
  1                7.0    1.0
  0               54.0    1.0
  [total]         61.0    2.0

w_receiv
  1                4.0    1.0
  0               57.0    1.0
  [total]         61.0    2.0

w_chat
  1                5.0    1.0
  0               56.0    1.0
  [total]         61.0    2.0

w_apply
  1                1.0    1.0
  0               60.0    1.0
  [total]         61.0    2.0

w_on
  1               24.0    1.0
  0               37.0    1.0
  [total]         61.0    2.0

w_entry
  1                2.0    1.0
  0               59.0    1.0
  [total]         61.0    2.0

w_optout
  1                4.0    1.0
  0               57.0    1.0
  [total]         61.0    2.0

w_msg
  1                8.0    1.0
  0               53.0    1.0
  [total]         61.0    2.0

c_39
  1                9.0    1.0
  0               52.0    1.0
  [total]         61.0    2.0

c_59
  1                1.0    1.0
  0               60.0    1.0
  [total]         61.0    2.0

w_mins
  1                7.0    1.0
  0               54.0    1.0
  [total]         61.0    2.0

w_http
  1                2.0    1.0
  0               59.0    1.0
  [total]         61.0    2.0

w_landline
  1                1.0    1.0
  0               60.0    1.0
  [total]         61.0    2.0

w_guaranteed
  1                2.0    1.0
  0               59.0    1.0
  [total]         61.0    2.0

w_sae
  1                7.0    1.0
  0               54.0    1.0
  [total]         61.0    2.0

w_camer
  1                1.0    1.0
  0               60.0    1.0
  [total]         61.0    2.0

w_c
  1               10.0    1.0
  0               51.0    1.0
  [total]         61.0    2.0

w_rat
  1                2.0    1.0
  0               59.0    1.0
  [total]         61.0    2.0

w_poly
  1                1.0    1.0
  0               60.0    1.0
  [total]         61.0    2.0

w_but
  1                1.0    1.0
  0               60.0    1.0
  [total]         61.0    2.0

w_network
  1                3.0    1.0
  0               58.0    1.0
  [total]         61.0    2.0

w_orang
  1                1.0    1.0
  0               60.0    1.0
  [total]         61.0    2.0

w_it
  1                2.0    1.0
  0               59.0    1.0
  [total]         61.0    2.0



Leaf number: 6 Naive Bayes Classifier

                Class
Attribute        SPAM    HAM
               (0.96) (0.04)
=============================
c_£
  1                1.0    1.0
  0               24.0    1.0
  [total]         25.0    2.0

c_47
  1               24.0    1.0
  0                1.0    1.0
  [total]         25.0    2.0

w_cal
  1                2.0    1.0
  0               23.0    1.0
  [total]         25.0    2.0

w_p
  1               11.0    1.0
  0               14.0    1.0
  [total]         25.0    2.0

w_txt
  1               10.0    1.0
  0               15.0    1.0
  [total]         25.0    2.0

c_33
  1               11.0    1.0
  0               14.0    1.0
  [total]         25.0    2.0

w_claim
  1                1.0    1.0
  0               24.0    1.0
  [total]         25.0    2.0

w_fre
  1                8.0    1.0
  0               17.0    1.0
  [total]         25.0    2.0

w_i
  1                2.0    1.0
  0               23.0    1.0
  [total]         25.0    2.0

w_to
  1               20.0    1.0
  0                5.0    1.0
  [total]         25.0    2.0

w_www
  1               10.0    1.0
  0               15.0    1.0
  [total]         25.0    2.0

w_mobl
  1                1.0    1.0
  0               24.0    1.0
  [total]         25.0    2.0

w_uk
  1                2.0    1.0
  0               23.0    1.0
  [total]         25.0    2.0

w_yo
  1                5.0    1.0
  0               20.0    1.0
  [total]         25.0    2.0

c_43
  1                4.0    1.0
  0               21.0    1.0
  [total]         25.0    2.0

w_stop
  1               11.0    1.0
  0               14.0    1.0
  [total]         25.0    2.0

w_or
  1                7.0    1.0
  0               18.0    1.0
  [total]         25.0    2.0

w_text
  1                2.0    1.0
  0               23.0    1.0
  [total]         25.0    2.0

w_now
  1                7.0    1.0
  0               18.0    1.0
  [total]         25.0    2.0

w_reply
  1               24.0    1.0
  0                1.0    1.0
  [total]         25.0    2.0

w_priz
  1                1.0    1.0
  0               24.0    1.0
  [total]         25.0    2.0

w_award
  1                2.0    1.0
  0               23.0    1.0
  [total]         25.0    2.0

w_win
  1                3.0    1.0
  0               22.0    1.0
  [total]         25.0    2.0

w_won
  1                3.0    1.0
  0               22.0    1.0
  [total]         25.0    2.0

w_box
  1                2.0    1.0
  0               23.0    1.0
  [total]         25.0    2.0

w_serv
  1                1.0    1.0
  0               24.0    1.0
  [total]         25.0    2.0

w_ppm
  1                1.0    1.0
  0               24.0    1.0
  [total]         25.0    2.0

w_co
  1                2.0    1.0
  0               23.0    1.0
  [total]         25.0    2.0

w_from
  1                7.0    1.0
  0               18.0    1.0
  [total]         25.0    2.0

w_ton
  1                6.0    1.0
  0               19.0    1.0
  [total]         25.0    2.0

w_cash
  1                3.0    1.0
  0               22.0    1.0
  [total]         25.0    2.0

w_contact
  1                1.0    1.0
  0               24.0    1.0
  [total]         25.0    2.0

w_cs
  1                1.0    1.0
  0               24.0    1.0
  [total]         25.0    2.0

w_nok
  1                4.0    1.0
  0               21.0    1.0
  [total]         25.0    2.0

w_pobox
  1                1.0    1.0
  0               24.0    1.0
  [total]         25.0    2.0

w_a
  1                2.0    1.0
  0               23.0    1.0
  [total]         25.0    2.0

w_urgent
  1                1.0    1.0
  0               24.0    1.0
  [total]         25.0    2.0

w_our
  1                1.0    1.0
  0               24.0    1.0
  [total]         25.0    2.0

w_prize
  1                2.0    1.0
  0               23.0    1.0
  [total]         25.0    2.0

w_w
  1                3.0    1.0
  0               22.0    1.0
  [total]         25.0    2.0

w_draw
  1                1.0    1.0
  0               24.0    1.0
  [total]         25.0    2.0

w_week
  1                6.0    1.0
  0               19.0    1.0
  [total]         25.0    2.0

w_per
  1                1.0    1.0
  0               24.0    1.0
  [total]         25.0    2.0

w_po
  1                2.0    1.0
  0               23.0    1.0
  [total]         25.0    2.0

w_latest
  1                1.0    1.0
  0               24.0    1.0
  [total]         25.0    2.0

w_free
  1                1.0    1.0
  0               24.0    1.0
  [total]         25.0    2.0

w_custom
  1                2.0    1.0
  0               23.0    1.0
  [total]         25.0    2.0

w_new
  1                2.0    1.0
  0               23.0    1.0
  [total]         25.0    2.0

w_guarantee
  1                1.0    1.0
  0               24.0    1.0
  [total]         25.0    2.0

w_my
  1                2.0    1.0
  0               23.0    1.0
  [total]         25.0    2.0

w_for
  1                4.0    1.0
  0               21.0    1.0
  [total]         25.0    2.0

w_vouch
  1                2.0    1.0
  0               23.0    1.0
  [total]         25.0    2.0

w_ur
  1                6.0    1.0
  0               19.0    1.0
  [total]         25.0    2.0

w_valid
  1                2.0    1.0
  0               23.0    1.0
  [total]         25.0    2.0

c_38
  1                3.0    1.0
  0               22.0    1.0
  [total]         25.0    2.0

w_video
  1                2.0    1.0
  0               23.0    1.0
  [total]         25.0    2.0

w_min
  1                2.0    1.0
  0               23.0    1.0
  [total]         25.0    2.0

w_select
  1                1.0    1.0
  0               24.0    1.0
  [total]         25.0    2.0

w_rington
  1                1.0    1.0
  0               24.0    1.0
  [total]         25.0    2.0

w_mob
  1                5.0    1.0
  0               20.0    1.0
  [total]         25.0    2.0

w_await
  1                1.0    1.0
  0               24.0    1.0
  [total]         25.0    2.0

w_collect
  1                2.0    1.0
  0               23.0    1.0
  [total]         25.0    2.0

w_cost
  1                4.0    1.0
  0               21.0    1.0
  [total]         25.0    2.0

w_receiv
  1                1.0    1.0
  0               24.0    1.0
  [total]         25.0    2.0

w_chat
  1                1.0    1.0
  0               24.0    1.0
  [total]         25.0    2.0

w_apply
  1                4.0    1.0
  0               21.0    1.0
  [total]         25.0    2.0

w_on
  1                4.0    1.0
  0               21.0    1.0
  [total]         25.0    2.0

w_entry
  1                1.0    1.0
  0               24.0    1.0
  [total]         25.0    2.0

w_optout
  1                1.0    1.0
  0               24.0    1.0
  [total]         25.0    2.0

w_msg
  1                2.0    1.0
  0               23.0    1.0
  [total]         25.0    2.0

c_39
  1                4.0    1.0
  0               21.0    1.0
  [total]         25.0    2.0

c_59
  1                1.0    1.0
  0               24.0    1.0
  [total]         25.0    2.0

w_mins
  1                1.0    1.0
  0               24.0    1.0
  [total]         25.0    2.0

w_http
  1                1.0    1.0
  0               24.0    1.0
  [total]         25.0    2.0

w_landline
  1                1.0    1.0
  0               24.0    1.0
  [total]         25.0    2.0

w_guaranteed
  1                1.0    1.0
  0               24.0    1.0
  [total]         25.0    2.0

w_sae
  1                1.0    1.0
  0               24.0    1.0
  [total]         25.0    2.0

w_camer
  1                1.0    1.0
  0               24.0    1.0
  [total]         25.0    2.0

w_c
  1                3.0    1.0
  0               22.0    1.0
  [total]         25.0    2.0

w_rat
  1                1.0    1.0
  0               24.0    1.0
  [total]         25.0    2.0

w_poly
  1                1.0    1.0
  0               24.0    1.0
  [total]         25.0    2.0

w_but
  1                4.0    1.0
  0               21.0    1.0
  [total]         25.0    2.0

w_network
  1                1.0    1.0
  0               24.0    1.0
  [total]         25.0    2.0

w_orang
  1                1.0    1.0
  0               24.0    1.0
  [total]         25.0    2.0

w_it
  1                4.0    1.0
  0               21.0    1.0
  [total]         25.0    2.0



Leaf number: 8 Naive Bayes Classifier

                Class
Attribute        SPAM    HAM
               (0.96) (0.04)
=============================
c_£
  1                1.0    1.0
  0               26.0    1.0
  [total]         27.0    2.0

c_47
  1               26.0    1.0
  0                1.0    1.0
  [total]         27.0    2.0

w_cal
  1                5.0    1.0
  0               22.0    1.0
  [total]         27.0    2.0

w_p
  1               11.0    1.0
  0               16.0    1.0
  [total]         27.0    2.0

w_txt
  1               12.0    1.0
  0               15.0    1.0
  [total]         27.0    2.0

c_33
  1               15.0    1.0
  0               12.0    1.0
  [total]         27.0    2.0

w_claim
  1                6.0    1.0
  0               21.0    1.0
  [total]         27.0    2.0

w_fre
  1                8.0    1.0
  0               19.0    1.0
  [total]         27.0    2.0

w_i
  1                2.0    1.0
  0               25.0    1.0
  [total]         27.0    2.0

w_to
  1               16.0    1.0
  0               11.0    1.0
  [total]         27.0    2.0

w_www
  1               26.0    1.0
  0                1.0    1.0
  [total]         27.0    2.0

w_mobl
  1                5.0    1.0
  0               22.0    1.0
  [total]         27.0    2.0

w_uk
  1               12.0    1.0
  0               15.0    1.0
  [total]         27.0    2.0

w_yo
  1               15.0    1.0
  0               12.0    1.0
  [total]         27.0    2.0

c_43
  1               10.0    1.0
  0               17.0    1.0
  [total]         27.0    2.0

w_stop
  1                5.0    1.0
  0               22.0    1.0
  [total]         27.0    2.0

w_or
  1                1.0    1.0
  0               26.0    1.0
  [total]         27.0    2.0

w_text
  1                3.0    1.0
  0               24.0    1.0
  [total]         27.0    2.0

w_now
  1                2.0    1.0
  0               25.0    1.0
  [total]         27.0    2.0

w_reply
  1                1.0    1.0
  0               26.0    1.0
  [total]         27.0    2.0

w_priz
  1                3.0    1.0
  0               24.0    1.0
  [total]         27.0    2.0

w_award
  1                1.0    1.0
  0               26.0    1.0
  [total]         27.0    2.0

w_win
  1                1.0    1.0
  0               26.0    1.0
  [total]         27.0    2.0

w_won
  1                1.0    1.0
  0               26.0    1.0
  [total]         27.0    2.0

w_box
  1                1.0    1.0
  0               26.0    1.0
  [total]         27.0    2.0

w_serv
  1                1.0    1.0
  0               26.0    1.0
  [total]         27.0    2.0

w_ppm
  1                1.0    1.0
  0               26.0    1.0
  [total]         27.0    2.0

w_co
  1               12.0    1.0
  0               15.0    1.0
  [total]         27.0    2.0

w_from
  1                4.0    1.0
  0               23.0    1.0
  [total]         27.0    2.0

w_ton
  1                8.0    1.0
  0               19.0    1.0
  [total]         27.0    2.0

w_cash
  1                1.0    1.0
  0               26.0    1.0
  [total]         27.0    2.0

w_contact
  1                1.0    1.0
  0               26.0    1.0
  [total]         27.0    2.0

w_cs
  1                5.0    1.0
  0               22.0    1.0
  [total]         27.0    2.0

w_nok
  1                7.0    1.0
  0               20.0    1.0
  [total]         27.0    2.0

w_pobox
  1                7.0    1.0
  0               20.0    1.0
  [total]         27.0    2.0

w_a
  1               10.0    1.0
  0               17.0    1.0
  [total]         27.0    2.0

w_urgent
  1                3.0    1.0
  0               24.0    1.0
  [total]         27.0    2.0

w_our
  1                1.0    1.0
  0               26.0    1.0
  [total]         27.0    2.0

w_prize
  1                1.0    1.0
  0               26.0    1.0
  [total]         27.0    2.0

w_w
  1                9.0    1.0
  0               18.0    1.0
  [total]         27.0    2.0

w_draw
  1                1.0    1.0
  0               26.0    1.0
  [total]         27.0    2.0

w_week
  1               11.0    1.0
  0               16.0    1.0
  [total]         27.0    2.0

w_per
  1                1.0    1.0
  0               26.0    1.0
  [total]         27.0    2.0

w_po
  1                1.0    1.0
  0               26.0    1.0
  [total]         27.0    2.0

w_latest
  1                2.0    1.0
  0               25.0    1.0
  [total]         27.0    2.0

w_free
  1                1.0    1.0
  0               26.0    1.0
  [total]         27.0    2.0

w_custom
  1                1.0    1.0
  0               26.0    1.0
  [total]         27.0    2.0

w_new
  1                2.0    1.0
  0               25.0    1.0
  [total]         27.0    2.0

w_guarantee
  1                1.0    1.0
  0               26.0    1.0
  [total]         27.0    2.0

w_my
  1                1.0    1.0
  0               26.0    1.0
  [total]         27.0    2.0

w_for
  1               13.0    1.0
  0               14.0    1.0
  [total]         27.0    2.0

w_vouch
  1                6.0    1.0
  0               21.0    1.0
  [total]         27.0    2.0

w_ur
  1                9.0    1.0
  0               18.0    1.0
  [total]         27.0    2.0

w_valid
  1                1.0    1.0
  0               26.0    1.0
  [total]         27.0    2.0

c_38
  1                9.0    1.0
  0               18.0    1.0
  [total]         27.0    2.0

w_video
  1                1.0    1.0
  0               26.0    1.0
  [total]         27.0    2.0

w_min
  1                3.0    1.0
  0               24.0    1.0
  [total]         27.0    2.0

w_select
  1                1.0    1.0
  0               26.0    1.0
  [total]         27.0    2.0

w_rington
  1                1.0    1.0
  0               26.0    1.0
  [total]         27.0    2.0

w_mob
  1                5.0    1.0
  0               22.0    1.0
  [total]         27.0    2.0

w_await
  1                6.0    1.0
  0               21.0    1.0
  [total]         27.0    2.0

w_collect
  1                1.0    1.0
  0               26.0    1.0
  [total]         27.0    2.0

w_cost
  1                1.0    1.0
  0               26.0    1.0
  [total]         27.0    2.0

w_receiv
  1                1.0    1.0
  0               26.0    1.0
  [total]         27.0    2.0

w_chat
  1                1.0    1.0
  0               26.0    1.0
  [total]         27.0    2.0

w_apply
  1                5.0    1.0
  0               22.0    1.0
  [total]         27.0    2.0

w_on
  1                4.0    1.0
  0               23.0    1.0
  [total]         27.0    2.0

w_entry
  1                1.0    1.0
  0               26.0    1.0
  [total]         27.0    2.0

w_optout
  1                1.0    1.0
  0               26.0    1.0
  [total]         27.0    2.0

w_msg
  1                2.0    1.0
  0               25.0    1.0
  [total]         27.0    2.0

c_39
  1                7.0    1.0
  0               20.0    1.0
  [total]         27.0    2.0

c_59
  1                1.0    1.0
  0               26.0    1.0
  [total]         27.0    2.0

w_mins
  1                1.0    1.0
  0               26.0    1.0
  [total]         27.0    2.0

w_http
  1               12.0    1.0
  0               15.0    1.0
  [total]         27.0    2.0

w_landline
  1                1.0    1.0
  0               26.0    1.0
  [total]         27.0    2.0

w_guaranteed
  1                1.0    1.0
  0               26.0    1.0
  [total]         27.0    2.0

w_sae
  1                1.0    1.0
  0               26.0    1.0
  [total]         27.0    2.0

w_camer
  1                1.0    1.0
  0               26.0    1.0
  [total]         27.0    2.0

w_c
  1                3.0    1.0
  0               24.0    1.0
  [total]         27.0    2.0

w_rat
  1                1.0    1.0
  0               26.0    1.0
  [total]         27.0    2.0

w_poly
  1                2.0    1.0
  0               25.0    1.0
  [total]         27.0    2.0

w_but
  1                1.0    1.0
  0               26.0    1.0
  [total]         27.0    2.0

w_network
  1                1.0    1.0
  0               26.0    1.0
  [total]         27.0    2.0

w_orang
  1                4.0    1.0
  0               23.0    1.0
  [total]         27.0    2.0

w_it
  1                1.0    1.0
  0               26.0    1.0
  [total]         27.0    2.0



Leaf number: 10 Naive Bayes Classifier

                Class
Attribute        SPAM    HAM
               (0.86) (0.14)
=============================
c_£
  1                1.0    1.0
  0                6.0    1.0
  [total]          7.0    2.0

c_47
  1                6.0    1.0
  0                1.0    1.0
  [total]          7.0    2.0

w_cal
  1                3.0    1.0
  0                4.0    1.0
  [total]          7.0    2.0

w_p
  1                5.0    1.0
  0                2.0    1.0
  [total]          7.0    2.0

w_txt
  1                1.0    1.0
  0                6.0    1.0
  [total]          7.0    2.0

c_33
  1                6.0    1.0
  0                1.0    1.0
  [total]          7.0    2.0

w_claim
  1                1.0    1.0
  0                6.0    1.0
  [total]          7.0    2.0

w_fre
  1                1.0    1.0
  0                6.0    1.0
  [total]          7.0    2.0

w_i
  1                1.0    1.0
  0                6.0    1.0
  [total]          7.0    2.0

w_to
  1                3.0    1.0
  0                4.0    1.0
  [total]          7.0    2.0

w_www
  1                1.0    1.0
  0                6.0    1.0
  [total]          7.0    2.0

w_mobl
  1                1.0    1.0
  0                6.0    1.0
  [total]          7.0    2.0

w_uk
  1                1.0    1.0
  0                6.0    1.0
  [total]          7.0    2.0

w_yo
  1                1.0    1.0
  0                6.0    1.0
  [total]          7.0    2.0

c_43
  1                1.0    1.0
  0                6.0    1.0
  [total]          7.0    2.0

w_stop
  1                3.0    1.0
  0                4.0    1.0
  [total]          7.0    2.0

w_or
  1                1.0    1.0
  0                6.0    1.0
  [total]          7.0    2.0

w_text
  1                3.0    1.0
  0                4.0    1.0
  [total]          7.0    2.0

w_now
  1                5.0    1.0
  0                2.0    1.0
  [total]          7.0    2.0

w_reply
  1                1.0    1.0
  0                6.0    1.0
  [total]          7.0    2.0

w_priz
  1                1.0    1.0
  0                6.0    1.0
  [total]          7.0    2.0

w_award
  1                1.0    1.0
  0                6.0    1.0
  [total]          7.0    2.0

w_win
  1                1.0    1.0
  0                6.0    1.0
  [total]          7.0    2.0

w_won
  1                1.0    1.0
  0                6.0    1.0
  [total]          7.0    2.0

w_box
  1                1.0    1.0
  0                6.0    1.0
  [total]          7.0    2.0

w_serv
  1                1.0    1.0
  0                6.0    1.0
  [total]          7.0    2.0

w_ppm
  1                1.0    1.0
  0                6.0    1.0
  [total]          7.0    2.0

w_co
  1                1.0    1.0
  0                6.0    1.0
  [total]          7.0    2.0

w_from
  1                5.0    1.0
  0                2.0    1.0
  [total]          7.0    2.0

w_ton
  1                1.0    1.0
  0                6.0    1.0
  [total]          7.0    2.0

w_cash
  1                1.0    1.0
  0                6.0    1.0
  [total]          7.0    2.0

w_contact
  1                1.0    1.0
  0                6.0    1.0
  [total]          7.0    2.0

w_cs
  1                1.0    1.0
  0                6.0    1.0
  [total]          7.0    2.0

w_nok
  1                1.0    1.0
  0                6.0    1.0
  [total]          7.0    2.0

w_pobox
  1                1.0    1.0
  0                6.0    1.0
  [total]          7.0    2.0

w_a
  1                2.0    1.0
  0                5.0    1.0
  [total]          7.0    2.0

w_urgent
  1                1.0    1.0
  0                6.0    1.0
  [total]          7.0    2.0

w_our
  1                1.0    1.0
  0                6.0    1.0
  [total]          7.0    2.0

w_prize
  1                1.0    1.0
  0                6.0    1.0
  [total]          7.0    2.0

w_w
  1                1.0    1.0
  0                6.0    1.0
  [total]          7.0    2.0

w_draw
  1                1.0    1.0
  0                6.0    1.0
  [total]          7.0    2.0

w_week
  1                1.0    1.0
  0                6.0    1.0
  [total]          7.0    2.0

w_per
  1                1.0    1.0
  0                6.0    1.0
  [total]          7.0    2.0

w_po
  1                1.0    1.0
  0                6.0    1.0
  [total]          7.0    2.0

w_latest
  1                1.0    1.0
  0                6.0    1.0
  [total]          7.0    2.0

w_free
  1                1.0    1.0
  0                6.0    1.0
  [total]          7.0    2.0

w_custom
  1                1.0    1.0
  0                6.0    1.0
  [total]          7.0    2.0

w_new
  1                1.0    1.0
  0                6.0    1.0
  [total]          7.0    2.0

w_guarantee
  1                1.0    1.0
  0                6.0    1.0
  [total]          7.0    2.0

w_my
  1                1.0    1.0
  0                6.0    1.0
  [total]          7.0    2.0

w_for
  1                1.0    1.0
  0                6.0    1.0
  [total]          7.0    2.0

w_vouch
  1                1.0    1.0
  0                6.0    1.0
  [total]          7.0    2.0

w_ur
  1                1.0    1.0
  0                6.0    1.0
  [total]          7.0    2.0

w_valid
  1                1.0    1.0
  0                6.0    1.0
  [total]          7.0    2.0

c_38
  1                1.0    1.0
  0                6.0    1.0
  [total]          7.0    2.0

w_video
  1                1.0    1.0
  0                6.0    1.0
  [total]          7.0    2.0

w_min
  1                5.0    1.0
  0                2.0    1.0
  [total]          7.0    2.0

w_select
  1                1.0    1.0
  0                6.0    1.0
  [total]          7.0    2.0

w_rington
  1                1.0    1.0
  0                6.0    1.0
  [total]          7.0    2.0

w_mob
  1                1.0    1.0
  0                6.0    1.0
  [total]          7.0    2.0

w_await
  1                1.0    1.0
  0                6.0    1.0
  [total]          7.0    2.0

w_collect
  1                1.0    1.0
  0                6.0    1.0
  [total]          7.0    2.0

w_cost
  1                1.0    1.0
  0                6.0    1.0
  [total]          7.0    2.0

w_receiv
  1                1.0    1.0
  0                6.0    1.0
  [total]          7.0    2.0

w_chat
  1                5.0    1.0
  0                2.0    1.0
  [total]          7.0    2.0

w_apply
  1                1.0    1.0
  0                6.0    1.0
  [total]          7.0    2.0

w_on
  1                3.0    1.0
  0                4.0    1.0
  [total]          7.0    2.0

w_entry
  1                1.0    1.0
  0                6.0    1.0
  [total]          7.0    2.0

w_optout
  1                1.0    1.0
  0                6.0    1.0
  [total]          7.0    2.0

w_msg
  1                2.0    1.0
  0                5.0    1.0
  [total]          7.0    2.0

c_39
  1                2.0    1.0
  0                5.0    1.0
  [total]          7.0    2.0

c_59
  1                1.0    1.0
  0                6.0    1.0
  [total]          7.0    2.0

w_mins
  1                1.0    1.0
  0                6.0    1.0
  [total]          7.0    2.0

w_http
  1                1.0    1.0
  0                6.0    1.0
  [total]          7.0    2.0

w_landline
  1                1.0    1.0
  0                6.0    1.0
  [total]          7.0    2.0

w_guaranteed
  1                1.0    1.0
  0                6.0    1.0
  [total]          7.0    2.0

w_sae
  1                1.0    1.0
  0                6.0    1.0
  [total]          7.0    2.0

w_camer
  1                1.0    1.0
  0                6.0    1.0
  [total]          7.0    2.0

w_c
  1                1.0    1.0
  0                6.0    1.0
  [total]          7.0    2.0

w_rat
  1                6.0    1.0
  0                1.0    1.0
  [total]          7.0    2.0

w_poly
  1                1.0    1.0
  0                6.0    1.0
  [total]          7.0    2.0

w_but
  1                1.0    1.0
  0                6.0    1.0
  [total]          7.0    2.0

w_network
  1                1.0    1.0
  0                6.0    1.0
  [total]          7.0    2.0

w_orang
  1                1.0    1.0
  0                6.0    1.0
  [total]          7.0    2.0

w_it
  1                1.0    1.0
  0                6.0    1.0
  [total]          7.0    2.0



Leaf number: 11 Naive Bayes Classifier

                Class
Attribute        SPAM    HAM
               (0.72) (0.28)
=============================
c_£
  1                1.0    1.0
  0               96.0   37.0
  [total]         97.0   38.0

c_47
  1               96.0   37.0
  0                1.0    1.0
  [total]         97.0   38.0

w_cal
  1               41.0    2.0
  0               56.0   36.0
  [total]         97.0   38.0

w_p
  1               47.0    1.0
  0               50.0   37.0
  [total]         97.0   38.0

w_txt
  1               28.0    1.0
  0               69.0   37.0
  [total]         97.0   38.0

c_33
  1               51.0    7.0
  0               46.0   31.0
  [total]         97.0   38.0

w_claim
  1                5.0    1.0
  0               92.0   37.0
  [total]         97.0   38.0

w_fre
  1               23.0    4.0
  0               74.0   34.0
  [total]         97.0   38.0

w_i
  1               23.0   19.0
  0               74.0   19.0
  [total]         97.0   38.0

w_to
  1               50.0   16.0
  0               47.0   22.0
  [total]         97.0   38.0

w_www
  1                1.0    1.0
  0               96.0   37.0
  [total]         97.0   38.0

w_mobl
  1                5.0    1.0
  0               92.0   37.0
  [total]         97.0   38.0

w_uk
  1               12.0    1.0
  0               85.0   37.0
  [total]         97.0   38.0

w_yo
  1               33.0    6.0
  0               64.0   32.0
  [total]         97.0   38.0

c_43
  1               15.0    1.0
  0               82.0   37.0
  [total]         97.0   38.0

w_stop
  1               14.0    1.0
  0               83.0   37.0
  [total]         97.0   38.0

w_or
  1               21.0    3.0
  0               76.0   35.0
  [total]         97.0   38.0

w_text
  1               12.0    5.0
  0               85.0   33.0
  [total]         97.0   38.0

w_now
  1               34.0    2.0
  0               63.0   36.0
  [total]         97.0   38.0

w_reply
  1                1.0    1.0
  0               96.0   37.0
  [total]         97.0   38.0

w_priz
  1                1.0    1.0
  0               96.0   37.0
  [total]         97.0   38.0

w_award
  1                1.0    1.0
  0               96.0   37.0
  [total]         97.0   38.0

w_win
  1                8.0    1.0
  0               89.0   37.0
  [total]         97.0   38.0

w_won
  1                7.0    1.0
  0               90.0   37.0
  [total]         97.0   38.0

w_box
  1                8.0    1.0
  0               89.0   37.0
  [total]         97.0   38.0

w_serv
  1                6.0    1.0
  0               91.0   37.0
  [total]         97.0   38.0

w_ppm
  1                1.0    1.0
  0               96.0   37.0
  [total]         97.0   38.0

w_co
  1                7.0    1.0
  0               90.0   37.0
  [total]         97.0   38.0

w_from
  1                9.0    4.0
  0               88.0   34.0
  [total]         97.0   38.0

w_ton
  1                4.0    1.0
  0               93.0   37.0
  [total]         97.0   38.0

w_cash
  1                3.0    1.0
  0               94.0   37.0
  [total]         97.0   38.0

w_contact
  1                5.0    1.0
  0               92.0   37.0
  [total]         97.0   38.0

w_cs
  1                1.0    1.0
  0               96.0   37.0
  [total]         97.0   38.0

w_nok
  1               13.0    1.0
  0               84.0   37.0
  [total]         97.0   38.0

w_pobox
  1                5.0    1.0
  0               92.0   37.0
  [total]         97.0   38.0

w_a
  1               24.0   10.0
  0               73.0   28.0
  [total]         97.0   38.0

w_urgent
  1                1.0    1.0
  0               96.0   37.0
  [total]         97.0   38.0

w_our
  1               12.0    3.0
  0               85.0   35.0
  [total]         97.0   38.0

w_prize
  1                1.0    1.0
  0               96.0   37.0
  [total]         97.0   38.0

w_w
  1               26.0    1.0
  0               71.0   37.0
  [total]         97.0   38.0

w_draw
  1                1.0    1.0
  0               96.0   37.0
  [total]         97.0   38.0

w_week
  1                3.0    3.0
  0               94.0   35.0
  [total]         97.0   38.0

w_per
  1                3.0    1.0
  0               94.0   37.0
  [total]         97.0   38.0

w_po
  1                6.0    1.0
  0               91.0   37.0
  [total]         97.0   38.0

w_latest
  1                5.0    1.0
  0               92.0   37.0
  [total]         97.0   38.0

w_free
  1                1.0    1.0
  0               96.0   37.0
  [total]         97.0   38.0

w_custom
  1                3.0    1.0
  0               94.0   37.0
  [total]         97.0   38.0

w_new
  1                4.0    1.0
  0               93.0   37.0
  [total]         97.0   38.0

w_guarantee
  1                1.0    1.0
  0               96.0   37.0
  [total]         97.0   38.0

w_my
  1                2.0    7.0
  0               95.0   31.0
  [total]         97.0   38.0

w_for
  1               28.0    5.0
  0               69.0   33.0
  [total]         97.0   38.0

w_vouch
  1                1.0    1.0
  0               96.0   37.0
  [total]         97.0   38.0

w_ur
  1               14.0    2.0
  0               83.0   36.0
  [total]         97.0   38.0

w_valid
  1                1.0    1.0
  0               96.0   37.0
  [total]         97.0   38.0

c_38
  1               20.0    8.0
  0               77.0   30.0
  [total]         97.0   38.0

w_video
  1                3.0    1.0
  0               94.0   37.0
  [total]         97.0   38.0

w_min
  1               25.0    1.0
  0               72.0   37.0
  [total]         97.0   38.0

w_select
  1                2.0    1.0
  0               95.0   37.0
  [total]         97.0   38.0

w_rington
  1                3.0    1.0
  0               94.0   37.0
  [total]         97.0   38.0

w_mob
  1                5.0    1.0
  0               92.0   37.0
  [total]         97.0   38.0

w_await
  1                1.0    1.0
  0               96.0   37.0
  [total]         97.0   38.0

w_collect
  1                5.0    1.0
  0               92.0   37.0
  [total]         97.0   38.0

w_cost
  1                3.0    1.0
  0               94.0   37.0
  [total]         97.0   38.0

w_receiv
  1                3.0    1.0
  0               94.0   37.0
  [total]         97.0   38.0

w_chat
  1               18.0    2.0
  0               79.0   36.0
  [total]         97.0   38.0

w_apply
  1                4.0    1.0
  0               93.0   37.0
  [total]         97.0   38.0

w_on
  1               29.0    5.0
  0               68.0   33.0
  [total]         97.0   38.0

w_entry
  1                1.0    1.0
  0               96.0   37.0
  [total]         97.0   38.0

w_optout
  1               12.0    1.0
  0               85.0   37.0
  [total]         97.0   38.0

w_msg
  1               18.0    2.0
  0               79.0   36.0
  [total]         97.0   38.0

c_39
  1               16.0   18.0
  0               81.0   20.0
  [total]         97.0   38.0

c_59
  1                1.0    8.0
  0               96.0   30.0
  [total]         97.0   38.0

w_mins
  1                4.0    1.0
  0               93.0   37.0
  [total]         97.0   38.0

w_http
  1               10.0    1.0
  0               87.0   37.0
  [total]         97.0   38.0

w_landline
  1                1.0    1.0
  0               96.0   37.0
  [total]         97.0   38.0

w_guaranteed
  1                1.0    1.0
  0               96.0   37.0
  [total]         97.0   38.0

w_sae
  1                1.0    1.0
  0               96.0   37.0
  [total]         97.0   38.0

w_camer
  1                4.0    1.0
  0               93.0   37.0
  [total]         97.0   38.0

w_c
  1                5.0    1.0
  0               92.0   37.0
  [total]         97.0   38.0

w_rat
  1                1.0    1.0
  0               96.0   37.0
  [total]         97.0   38.0

w_poly
  1                2.0    1.0
  0               95.0   37.0
  [total]         97.0   38.0

w_but
  1                1.0    6.0
  0               96.0   32.0
  [total]         97.0   38.0

w_network
  1                1.0    1.0
  0               96.0   37.0
  [total]         97.0   38.0

w_orang
  1                4.0    1.0
  0               93.0   37.0
  [total]         97.0   38.0

w_it
  1               10.0    5.0
  0               87.0   33.0
  [total]         97.0   38.0



Leaf number: 12 Naive Bayes Classifier

                Class
Attribute        SPAM    HAM
                (0.1)  (0.9)
=============================
c_£
  1              189.0    6.0
  0              341.0 4787.0
  [total]        530.0 4793.0

c_47
  1                1.0    1.0
  0              529.0 4792.0
  [total]        530.0 4793.0

w_cal
  1              249.0  261.0
  0              281.0 4532.0
  [total]        530.0 4793.0

w_p
  1               80.0    9.0
  0              450.0 4784.0
  [total]        530.0 4793.0

w_txt
  1               83.0   14.0
  0              447.0 4779.0
  [total]        530.0 4793.0

c_33
  1              246.0  557.0
  0              284.0 4236.0
  [total]        530.0 4793.0

w_claim
  1               95.0    1.0
  0              435.0 4792.0
  [total]        530.0 4793.0

w_fre
  1              109.0   45.0
  0              421.0 4748.0
  [total]        530.0 4793.0

w_i
  1               26.0 2013.0
  0              504.0 2780.0
  [total]        530.0 4793.0

w_to
  1              333.0 1205.0
  0              197.0 3588.0
  [total]        530.0 4793.0

w_www
  1               55.0    3.0
  0              475.0 4790.0
  [total]        530.0 4793.0

w_mobl
  1               75.0   16.0
  0              455.0 4777.0
  [total]        530.0 4793.0

w_uk
  1               42.0    2.0
  0              488.0 4791.0
  [total]        530.0 4793.0

w_yo
  1              157.0  387.0
  0              373.0 4406.0
  [total]        530.0 4793.0

c_43
  1               54.0   23.0
  0              476.0 4770.0
  [total]        530.0 4793.0

w_stop
  1               70.0   42.0
  0              460.0 4751.0
  [total]        530.0 4793.0

w_or
  1              133.0  222.0
  0              397.0 4571.0
  [total]        530.0 4793.0

w_text
  1              101.0   77.0
  0              429.0 4716.0
  [total]        530.0 4793.0

w_now
  1              126.0  291.0
  0              404.0 4502.0
  [total]        530.0 4793.0

w_reply
  1               73.0   47.0
  0              457.0 4746.0
  [total]        530.0 4793.0

w_priz
  1               41.0    1.0
  0              489.0 4792.0
  [total]        530.0 4793.0

w_award
  1               52.0    2.0
  0              478.0 4791.0
  [total]        530.0 4793.0

w_win
  1               59.0   26.0
  0              471.0 4767.0
  [total]        530.0 4793.0

w_won
  1               59.0   20.0
  0              471.0 4773.0
  [total]        530.0 4793.0

w_box
  1               44.0    6.0
  0              486.0 4787.0
  [total]        530.0 4793.0

w_serv
  1               58.0    8.0
  0              472.0 4785.0
  [total]        530.0 4793.0

w_ppm
  1               42.0    1.0
  0              488.0 4792.0
  [total]        530.0 4793.0

w_co
  1               32.0    3.0
  0              498.0 4790.0
  [total]        530.0 4793.0

w_from
  1              102.0  146.0
  0              428.0 4647.0
  [total]        530.0 4793.0

w_ton
  1               33.0    2.0
  0              497.0 4791.0
  [total]        530.0 4793.0

w_cash
  1               51.0   14.0
  0              479.0 4779.0
  [total]        530.0 4793.0

w_contact
  1               52.0   15.0
  0              478.0 4778.0
  [total]        530.0 4793.0

w_cs
  1               36.0    1.0
  0              494.0 4792.0
  [total]        530.0 4793.0

w_nok
  1               17.0    4.0
  0              513.0 4789.0
  [total]        530.0 4793.0

w_pobox
  1               26.0    1.0
  0              504.0 4792.0
  [total]        530.0 4793.0

w_a
  1              239.0  877.0
  0              291.0 3916.0
  [total]        530.0 4793.0

w_urgent
  1               35.0    6.0
  0              495.0 4787.0
  [total]        530.0 4793.0

w_our
  1               64.0   59.0
  0              466.0 4734.0
  [total]        530.0 4793.0

w_prize
  1               31.0    1.0
  0              499.0 4792.0
  [total]        530.0 4793.0

w_w
  1               14.0   16.0
  0              516.0 4777.0
  [total]        530.0 4793.0

w_draw
  1               36.0    6.0
  0              494.0 4787.0
  [total]        530.0 4793.0

w_week
  1               50.0   63.0
  0              480.0 4730.0
  [total]        530.0 4793.0

w_per
  1               44.0   14.0
  0              486.0 4779.0
  [total]        530.0 4793.0

w_po
  1               27.0    4.0
  0              503.0 4789.0
  [total]        530.0 4793.0

w_latest
  1               21.0    4.0
  0              509.0 4789.0
  [total]        530.0 4793.0

w_free
  1               31.0   12.0
  0              499.0 4781.0
  [total]        530.0 4793.0

w_custom
  1               38.0   12.0
  0              492.0 4781.0
  [total]        530.0 4793.0

w_new
  1               60.0   72.0
  0              470.0 4721.0
  [total]        530.0 4793.0

w_guarantee
  1               25.0    1.0
  0              505.0 4792.0
  [total]        530.0 4793.0

w_my
  1               10.0  597.0
  0              520.0 4196.0
  [total]        530.0 4793.0

w_for
  1              125.0  445.0
  0              405.0 4348.0
  [total]        530.0 4793.0

w_vouch
  1               24.0    2.0
  0              506.0 4791.0
  [total]        530.0 4793.0

w_ur
  1               76.0  200.0
  0              454.0 4593.0
  [total]        530.0 4793.0

w_valid
  1               27.0    1.0
  0              503.0 4792.0
  [total]        530.0 4793.0

c_38
  1               99.0  326.0
  0              431.0 4467.0
  [total]        530.0 4793.0

w_video
  1               26.0    3.0
  0              504.0 4790.0
  [total]        530.0 4793.0

w_min
  1               28.0   56.0
  0              502.0 4737.0
  [total]        530.0 4793.0

w_select
  1               29.0    4.0
  0              501.0 4789.0
  [total]        530.0 4793.0

w_rington
  1               24.0    1.0
  0              506.0 4792.0
  [total]        530.0 4793.0

w_mob
  1               14.0    1.0
  0              516.0 4792.0
  [total]        530.0 4793.0

w_await
  1               17.0    2.0
  0              513.0 4791.0
  [total]        530.0 4793.0

w_collect
  1               23.0    9.0
  0              507.0 4784.0
  [total]        530.0 4793.0

w_cost
  1               26.0   12.0
  0              504.0 4781.0
  [total]        530.0 4793.0

w_receiv
  1               29.0    9.0
  0              501.0 4784.0
  [total]        530.0 4793.0

w_chat
  1               14.0   15.0
  0              516.0 4778.0
  [total]        530.0 4793.0

w_apply
  1               21.0    6.0
  0              509.0 4787.0
  [total]        530.0 4793.0

w_on
  1              135.0  575.0
  0              395.0 4218.0
  [total]        530.0 4793.0

w_entry
  1               23.0    1.0
  0              507.0 4792.0
  [total]        530.0 4793.0

w_optout
  1                8.0    1.0
  0              522.0 4792.0
  [total]        530.0 4793.0

w_msg
  1               29.0   53.0
  0              501.0 4740.0
  [total]        530.0 4793.0

c_39
  1               58.0 1293.0
  0              472.0 3500.0
  [total]        530.0 4793.0

c_59
  1                3.0  338.0
  0              527.0 4455.0
  [total]        530.0 4793.0

w_mins
  1               14.0    2.0
  0              516.0 4791.0
  [total]        530.0 4793.0

w_http
  1                1.0    1.0
  0              529.0 4792.0
  [total]        530.0 4793.0

w_landline
  1               22.0    1.0
  0              508.0 4792.0
  [total]        530.0 4793.0

w_guaranteed
  1               21.0    1.0
  0              509.0 4792.0
  [total]        530.0 4793.0

w_sae
  1               16.0    1.0
  0              514.0 4792.0
  [total]        530.0 4793.0

w_camer
  1               23.0    4.0
  0              507.0 4789.0
  [total]        530.0 4793.0

w_c
  1               38.0   63.0
  0              492.0 4730.0
  [total]        530.0 4793.0

w_rat
  1               17.0    2.0
  0              513.0 4791.0
  [total]        530.0 4793.0

w_poly
  1               17.0    1.0
  0              513.0 4792.0
  [total]        530.0 4793.0

w_but
  1                5.0  412.0
  0              525.0 4381.0
  [total]        530.0 4793.0

w_network
  1               26.0    7.0
  0              504.0 4786.0
  [total]        530.0 4793.0

w_orang
  1               15.0    3.0
  0              515.0 4790.0
  [total]        530.0 4793.0

w_it
  1               22.0  733.0
  0              508.0 4060.0
  [total]        530.0 4793.0




Number of Leaves  : 	7

Size of the tree : 	13


Time taken to build model: 13.48 seconds
Time taken to test model on training data: 0.14 seconds

=== Error on training data ===

Correctly Classified Instances        5480               98.3136 %
Incorrectly Classified Instances        94                1.6864 %
Kappa statistic                          0.9243
Mean absolute error                      0.0194
Root mean squared error                  0.1233
Relative absolute error                  8.3554 %
Root relative squared error             36.1999 %
Total Number of Instances             5574     


=== Confusion Matrix ===

    a    b   <-- classified as
  665   82 |    a = SPAM
   12 4815 |    b = HAM



=== Stratified cross-validation ===

Correctly Classified Instances        5478               98.2777 %
Incorrectly Classified Instances        96                1.7223 %
Kappa statistic                          0.9233
Mean absolute error                      0.0193
Root mean squared error                  0.123 
Relative absolute error                  8.3067 %
Root relative squared error             36.0945 %
Total Number of Instances             5574     


=== Confusion Matrix ===

    a    b   <-- classified as
  670   77 |    a = SPAM
   19 4808 |    b = HAM

