
NBTree
------------------

c_38 = 1: NB 1
c_38 = 0: NB 2

Leaf number: 1 Naive Bayes Classifier

                 Class
Attribute         SPAM    HAM
                (0.31) (0.69)
==============================
c_£
  1                61.0    3.0
  0                88.0  331.0
  [total]         149.0  334.0

c_47
  1                50.0    8.0
  0                99.0  326.0
  [total]         149.0  334.0

w_cal
  1                58.0   21.0
  0                91.0  313.0
  [total]         149.0  334.0

w_p
  1                29.0    2.0
  0               120.0  332.0
  [total]         149.0  334.0

w_txt
  1                60.0    1.0
  0                89.0  333.0
  [total]         149.0  334.0

c_33
  1                70.0   34.0
  0                79.0  300.0
  [total]         149.0  334.0

w_claim
  1                25.0    1.0
  0               124.0  333.0
  [total]         149.0  334.0

w_fre
  1                55.0    7.0
  0                94.0  327.0
  [total]         149.0  334.0

w_i
  1                 4.0  154.0
  0               145.0  180.0
  [total]         149.0  334.0

w_to
  1               104.0  103.0
  0                45.0  231.0
  [total]         149.0  334.0

w_www
  1                42.0    3.0
  0               107.0  331.0
  [total]         149.0  334.0

w_mobl
  1                18.0    7.0
  0               131.0  327.0
  [total]         149.0  334.0

w_uk
  1                12.0    2.0
  0               137.0  332.0
  [total]         149.0  334.0

w_yo
  1                49.0   32.0
  0               100.0  302.0
  [total]         149.0  334.0

c_43
  1                31.0    8.0
  0               118.0  326.0
  [total]         149.0  334.0

w_stop
  1                20.0    6.0
  0               129.0  328.0
  [total]         149.0  334.0

w_or
  1                49.0   20.0
  0               100.0  314.0
  [total]         149.0  334.0

w_text
  1                26.0    6.0
  0               123.0  328.0
  [total]         149.0  334.0

w_now
  1                40.0   13.0
  0               109.0  321.0
  [total]         149.0  334.0

w_reply
  1                13.0    9.0
  0               136.0  325.0
  [total]         149.0  334.0

w_priz
  1                 9.0    1.0
  0               140.0  333.0
  [total]         149.0  334.0

w_award
  1                15.0    1.0
  0               134.0  333.0
  [total]         149.0  334.0

w_win
  1                25.0    6.0
  0               124.0  328.0
  [total]         149.0  334.0

w_won
  1                11.0    2.0
  0               138.0  332.0
  [total]         149.0  334.0

w_box
  1                14.0    1.0
  0               135.0  333.0
  [total]         149.0  334.0

w_serv
  1                 7.0    2.0
  0               142.0  332.0
  [total]         149.0  334.0

w_ppm
  1                24.0    1.0
  0               125.0  333.0
  [total]         149.0  334.0

w_co
  1                 9.0    3.0
  0               140.0  331.0
  [total]         149.0  334.0

w_from
  1                38.0   17.0
  0               111.0  317.0
  [total]         149.0  334.0

w_ton
  1                 2.0    1.0
  0               147.0  333.0
  [total]         149.0  334.0

w_cash
  1                21.0    3.0
  0               128.0  331.0
  [total]         149.0  334.0

w_contact
  1                 5.0    5.0
  0               144.0  329.0
  [total]         149.0  334.0

w_cs
  1                36.0    1.0
  0               113.0  333.0
  [total]         149.0  334.0

w_nok
  1                15.0    3.0
  0               134.0  331.0
  [total]         149.0  334.0

w_pobox
  1                 3.0    1.0
  0               146.0  333.0
  [total]         149.0  334.0

w_a
  1                47.0   78.0
  0               102.0  256.0
  [total]         149.0  334.0

w_urgent
  1                17.0    4.0
  0               132.0  330.0
  [total]         149.0  334.0

w_our
  1                15.0   11.0
  0               134.0  323.0
  [total]         149.0  334.0

w_prize
  1                 4.0    1.0
  0               145.0  333.0
  [total]         149.0  334.0

w_w
  1                 4.0    2.0
  0               145.0  332.0
  [total]         149.0  334.0

w_draw
  1                15.0    2.0
  0               134.0  332.0
  [total]         149.0  334.0

w_week
  1                29.0    6.0
  0               120.0  328.0
  [total]         149.0  334.0

w_per
  1                 7.0    5.0
  0               142.0  329.0
  [total]         149.0  334.0

w_po
  1                10.0    1.0
  0               139.0  333.0
  [total]         149.0  334.0

w_latest
  1                16.0    1.0
  0               133.0  333.0
  [total]         149.0  334.0

w_free
  1                17.0    1.0
  0               132.0  333.0
  [total]         149.0  334.0

w_custom
  1                 6.0    1.0
  0               143.0  333.0
  [total]         149.0  334.0

w_new
  1                19.0   16.0
  0               130.0  318.0
  [total]         149.0  334.0

w_guarantee
  1                 7.0    1.0
  0               142.0  333.0
  [total]         149.0  334.0

w_my
  1                 2.0   52.0
  0               147.0  282.0
  [total]         149.0  334.0

w_for
  1                33.0   50.0
  0               116.0  284.0
  [total]         149.0  334.0

w_vouch
  1                14.0    1.0
  0               135.0  333.0
  [total]         149.0  334.0

w_ur
  1                32.0   25.0
  0               117.0  309.0
  [total]         149.0  334.0

w_valid
  1                 2.0    1.0
  0               147.0  333.0
  [total]         149.0  334.0

c_38
  1               148.0  333.0
  0                 1.0    1.0
  [total]         149.0  334.0

w_video
  1                 4.0    1.0
  0               145.0  333.0
  [total]         149.0  334.0

w_min
  1                18.0   22.0
  0               131.0  312.0
  [total]         149.0  334.0

w_select
  1                 4.0    2.0
  0               145.0  332.0
  [total]         149.0  334.0

w_rington
  1                 2.0    1.0
  0               147.0  333.0
  [total]         149.0  334.0

w_mob
  1                 4.0    1.0
  0               145.0  333.0
  [total]         149.0  334.0

w_await
  1                14.0    1.0
  0               135.0  333.0
  [total]         149.0  334.0

w_collect
  1                16.0    2.0
  0               133.0  332.0
  [total]         149.0  334.0

w_cost
  1                 5.0    4.0
  0               144.0  330.0
  [total]         149.0  334.0

w_receiv
  1                 6.0    4.0
  0               143.0  330.0
  [total]         149.0  334.0

w_chat
  1                 5.0    1.0
  0               144.0  333.0
  [total]         149.0  334.0

w_apply
  1                19.0    1.0
  0               130.0  333.0
  [total]         149.0  334.0

w_on
  1                42.0   60.0
  0               107.0  274.0
  [total]         149.0  334.0

w_entry
  1                21.0    1.0
  0               128.0  333.0
  [total]         149.0  334.0

w_optout
  1                15.0    1.0
  0               134.0  333.0
  [total]         149.0  334.0

w_msg
  1                 9.0   16.0
  0               140.0  318.0
  [total]         149.0  334.0

c_39
  1                32.0  102.0
  0               117.0  232.0
  [total]         149.0  334.0

c_59
  1                 1.0  312.0
  0               148.0   22.0
  [total]         149.0  334.0

w_mins
  1                 4.0    1.0
  0               145.0  333.0
  [total]         149.0  334.0

w_http
  1                 7.0    1.0
  0               142.0  333.0
  [total]         149.0  334.0

w_landline
  1                13.0    1.0
  0               136.0  333.0
  [total]         149.0  334.0

w_guaranteed
  1                 2.0    1.0
  0               147.0  333.0
  [total]         149.0  334.0

w_sae
  1                14.0    1.0
  0               135.0  333.0
  [total]         149.0  334.0

w_camer
  1                12.0    1.0
  0               137.0  333.0
  [total]         149.0  334.0

w_c
  1                36.0    7.0
  0               113.0  327.0
  [total]         149.0  334.0

w_rat
  1                 1.0    1.0
  0               148.0  333.0
  [total]         149.0  334.0

w_poly
  1                 2.0    1.0
  0               147.0  333.0
  [total]         149.0  334.0

w_but
  1                 1.0   33.0
  0               148.0  301.0
  [total]         149.0  334.0

w_network
  1                 3.0    1.0
  0               146.0  333.0
  [total]         149.0  334.0

w_orang
  1                19.0    1.0
  0               130.0  333.0
  [total]         149.0  334.0

w_it
  1                 5.0   79.0
  0               144.0  255.0
  [total]         149.0  334.0

w_tone
  1                 4.0    1.0
  0               145.0  333.0
  [total]         149.0  334.0

w_hl
  1                 4.0    1.0
  0               145.0  333.0
  [total]         149.0  334.0

w_me
  1                 1.0   40.0
  0               148.0  294.0
  [total]         149.0  334.0

w_attempt
  1                 4.0    3.0
  0               145.0  331.0
  [total]         149.0  334.0

w_holiday
  1                15.0    6.0
  0               134.0  328.0
  [total]         149.0  334.0

w_delivery
  1                 1.0    2.0
  0               148.0  332.0
  [total]         149.0  334.0

w_expir
  1                 1.0    1.0
  0               148.0  333.0
  [total]         149.0  334.0

w_pound
  1                 2.0    1.0
  0               147.0  333.0
  [total]         149.0  334.0

w_lt
  1                 1.0  241.0
  0               148.0   93.0
  [total]         149.0  334.0

w_gt
  1                 1.0  241.0
  0               148.0   93.0
  [total]         149.0  334.0

w_sms
  1                 7.0    4.0
  0               142.0  330.0
  [total]         149.0  334.0

c_46
  1               124.0  233.0
  0                25.0  101.0
  [total]         149.0  334.0

c_62
  1                 3.0    1.0
  0               146.0  333.0
  [total]         149.0  334.0

c_40
  1                14.0   12.0
  0               135.0  322.0
  [total]         149.0  334.0

w_unsubscrib
  1                 3.0    1.0
  0               146.0  333.0
  [total]         149.0  334.0

w_pleas
  1                15.0   10.0
  0               134.0  324.0
  [total]         149.0  334.0

w_bon
  1                 1.0    1.0
  0               148.0  333.0
  [total]         149.0  334.0

w_wk
  1                 9.0    2.0
  0               140.0  332.0
  [total]         149.0  334.0

w_age
  1                10.0    1.0
  0               139.0  333.0
  [total]         149.0  334.0

w_mobileupd
  1                13.0    1.0
  0               136.0  333.0
  [total]         149.0  334.0

w_ltd
  1                 6.0    1.0
  0               143.0  333.0
  [total]         149.0  334.0

w_points
  1                 1.0    1.0
  0               148.0  333.0
  [total]         149.0  334.0

w_gbp
  1                 8.0    1.0
  0               141.0  333.0
  [total]         149.0  334.0

w_mobile
  1                 3.0    1.0
  0               146.0  333.0
  [total]         149.0  334.0

w_private
  1                 1.0    1.0
  0               148.0  333.0
  [total]         149.0  334.0

w_ident
  1                 1.0    1.0
  0               148.0  333.0
  [total]         149.0  334.0

w_chant
  1                11.0    2.0
  0               138.0  332.0
  [total]         149.0  334.0

w_hrs
  1                 4.0    2.0
  0               145.0  332.0
  [total]         149.0  334.0

c_58
  1                33.0   55.0
  0               116.0  279.0
  [total]         149.0  334.0

w_with
  1                20.0   37.0
  0               129.0  297.0
  [total]         149.0  334.0

w_lin
  1                11.0    1.0
  0               138.0  333.0
  [total]         149.0  334.0

w_line
  1                 2.0    1.0
  0               147.0  333.0
  [total]         149.0  334.0

w_code
  1                 1.0    1.0
  0               148.0  333.0
  [total]         149.0  334.0

w_lands
  1                 2.0    1.0
  0               147.0  333.0
  [total]         149.0  334.0

w_collection
  1                 6.0    1.0
  0               143.0  333.0
  [total]         149.0  334.0

w_quiz
  1                 2.0    1.0
  0               147.0  333.0
  [total]         149.0  334.0

w_info
  1                 4.0    2.0
  0               145.0  332.0
  [total]         149.0  334.0

w_land
  1                 1.0    2.0
  0               148.0  332.0
  [total]         149.0  334.0

w_st
  1                 6.0    4.0
  0               143.0  330.0
  [total]         149.0  334.0

c_45
  1                21.0   14.0
  0               128.0  320.0
  [total]         149.0  334.0

w_send
  1                 7.0   23.0
  0               142.0  311.0
  [total]         149.0  334.0

w_club
  1                 7.0    1.0
  0               142.0  333.0
  [total]         149.0  334.0

w_pm
  1                 3.0    4.0
  0               146.0  330.0
  [total]         149.0  334.0

w_wq
  1                 1.0    1.0
  0               148.0  333.0
  [total]         149.0  334.0

w_freemsg
  1                 6.0    1.0
  0               143.0  333.0
  [total]         149.0  334.0

w_wkly
  1                 9.0    1.0
  0               140.0  333.0
  [total]         149.0  334.0

w_mths
  1                 8.0    1.0
  0               141.0  333.0
  [total]         149.0  334.0

w_cod
  1                 1.0    1.0
  0               148.0  333.0
  [total]         149.0  334.0

w_suite
  1                 2.0    2.0
  0               147.0  332.0
  [total]         149.0  334.0

w_txts
  1                 6.0    1.0
  0               143.0  333.0
  [total]         149.0  334.0

w_sk
  1                 5.0    1.0
  0               144.0  333.0
  [total]         149.0  334.0

w_every
  1                 7.0    6.0
  0               142.0  328.0
  [total]         149.0  334.0

w_ok
  1                 2.0   10.0
  0               147.0  324.0
  [total]         149.0  334.0

w_tri
  1                 2.0    2.0
  0               147.0  332.0
  [total]         149.0  334.0

w_he
  1                 1.0   18.0
  0               148.0  316.0
  [total]         149.0  334.0

c_64
  1                10.0    4.0
  0               139.0  330.0
  [total]         149.0  334.0

w_gift
  1                12.0    2.0
  0               137.0  332.0
  [total]         149.0  334.0

w_how
  1                 2.0   14.0
  0               147.0  320.0
  [total]         149.0  334.0

w_offer
  1                13.0    1.0
  0               136.0  333.0
  [total]         149.0  334.0

w_ll
  1                 3.0   30.0
  0               146.0  304.0
  [total]         149.0  334.0

w_that
  1                 3.0   52.0
  0               146.0  282.0
  [total]         149.0  334.0

w_urg
  1                 6.0    1.0
  0               143.0  333.0
  [total]         149.0  334.0

w_thi
  1                21.0   25.0
  0               128.0  309.0
  [total]         149.0  334.0

w_show
  1                 4.0    6.0
  0               145.0  328.0
  [total]         149.0  334.0

w_subscrib
  1                 1.0    1.0
  0               148.0  333.0
  [total]         149.0  334.0

w_ipod
  1                 6.0    1.0
  0               143.0  333.0
  [total]         149.0  334.0

w_un-redeemed
  1                 1.0    1.0
  0               148.0  333.0
  [total]         149.0  334.0

w_am-
  1                 1.0    1.0
  0               148.0  333.0
  [total]         149.0  334.0

w_colo
  1                 3.0    1.0
  0               146.0  333.0
  [total]         149.0  334.0

w_row
  1                 3.0    1.0
  0               146.0  333.0
  [total]         149.0  334.0

w_numb
  1                 2.0    6.0
  0               147.0  328.0
  [total]         149.0  334.0

w_nd
  1                 5.0    1.0
  0               144.0  333.0
  [total]         149.0  334.0

w_ac
  1                 1.0    1.0
  0               148.0  333.0
  [total]         149.0  334.0

w_hg
  1                 2.0    1.0
  0               147.0  333.0
  [total]         149.0  334.0

w_ts
  1                12.0    1.0
  0               137.0  333.0
  [total]         149.0  334.0

w_std
  1                 6.0    1.0
  0               143.0  333.0
  [total]         149.0  334.0

w_phon
  1                14.0    1.0
  0               135.0  333.0
  [total]         149.0  334.0

w_lor
  1                 1.0    1.0
  0               148.0  333.0
  [total]         149.0  334.0

w_liv
  1                 3.0    4.0
  0               146.0  330.0
  [total]         149.0  334.0

w_stat
  1                 1.0    1.0
  0               148.0  333.0
  [total]         149.0  334.0

w_comply
  1                12.0    1.0
  0               137.0  333.0
  [total]         149.0  334.0

w_congrat
  1                11.0    1.0
  0               138.0  333.0
  [total]         149.0  334.0

w_pric
  1                 9.0    5.0
  0               140.0  329.0
  [total]         149.0  334.0

w_getzed
  1                 1.0    1.0
  0               148.0  333.0
  [total]         149.0  334.0

w_repres
  1                 1.0    1.0
  0               148.0  333.0
  [total]         149.0  334.0

w_ntt
  1                 1.0    1.0
  0               148.0  333.0
  [total]         149.0  334.0

w_camera
  1                 1.0    1.0
  0               148.0  333.0
  [total]         149.0  334.0

w_wc
  1                 4.0    1.0
  0               145.0  333.0
  [total]         149.0  334.0

w_ldn
  1                 1.0    1.0
  0               148.0  333.0
  [total]         149.0  334.0

w_camcord
  1                 1.0    1.0
  0               148.0  333.0
  [total]         149.0  334.0

w_fantasy
  1                 1.0    1.0
  0               148.0  333.0
  [total]         149.0  334.0

c_ü
  1                 1.0    1.0
  0               148.0  333.0
  [total]         149.0  334.0

w_nat
  1                 1.0    1.0
  0               148.0  333.0
  [total]         149.0  334.0

w_top
  1                 1.0    1.0
  0               148.0  333.0
  [total]         149.0  334.0

w_play
  1                 4.0    6.0
  0               145.0  328.0
  [total]         149.0  334.0



Leaf number: 2 Naive Bayes Classifier

                 Class
Attribute         SPAM    HAM
                (0.12) (0.88)
==============================
c_£
  1               194.0    4.0
  0               408.0 4493.0
  [total]         602.0 4497.0

c_47
  1               171.0   30.0
  0               431.0 4467.0
  [total]         602.0 4497.0

w_cal
  1               266.0  242.0
  0               336.0 4255.0
  [total]         602.0 4497.0

w_p
  1               142.0    8.0
  0               460.0 4489.0
  [total]         602.0 4497.0

w_txt
  1                97.0   14.0
  0               505.0 4483.0
  [total]         602.0 4497.0

c_33
  1               298.0  530.0
  0               304.0 3967.0
  [total]         602.0 4497.0

w_claim
  1                86.0    1.0
  0               516.0 4496.0
  [total]         602.0 4497.0

w_fre
  1                98.0   42.0
  0               504.0 4455.0
  [total]         602.0 4497.0

w_i
  1                52.0 1878.0
  0               550.0 2619.0
  [total]         602.0 4497.0

w_to
  1               366.0 1118.0
  0               236.0 3379.0
  [total]         602.0 4497.0

w_www
  1                58.0    1.0
  0               544.0 4496.0
  [total]         602.0 4497.0

w_mobl
  1                86.0   10.0
  0               516.0 4487.0
  [total]         602.0 4497.0

w_uk
  1                62.0    1.0
  0               540.0 4496.0
  [total]         602.0 4497.0

w_yo
  1               188.0  361.0
  0               414.0 4136.0
  [total]         602.0 4497.0

c_43
  1                60.0   16.0
  0               542.0 4481.0
  [total]         602.0 4497.0

w_stop
  1                84.0   37.0
  0               518.0 4460.0
  [total]         602.0 4497.0

w_or
  1               133.0  205.0
  0               469.0 4292.0
  [total]         602.0 4497.0

w_text
  1                99.0   76.0
  0               503.0 4421.0
  [total]         602.0 4497.0

w_now
  1               156.0  280.0
  0               446.0 4217.0
  [total]         602.0 4497.0

w_reply
  1                88.0   39.0
  0               514.0 4458.0
  [total]         602.0 4497.0

w_priz
  1                49.0    1.0
  0               553.0 4496.0
  [total]         602.0 4497.0

w_award
  1                45.0    2.0
  0               557.0 4495.0
  [total]         602.0 4497.0

w_win
  1                58.0   21.0
  0               544.0 4476.0
  [total]         602.0 4497.0

w_won
  1                67.0   19.0
  0               535.0 4478.0
  [total]         602.0 4497.0

w_box
  1                48.0    6.0
  0               554.0 4491.0
  [total]         602.0 4497.0

w_serv
  1                57.0    7.0
  0               545.0 4490.0
  [total]         602.0 4497.0

w_ppm
  1                27.0    1.0
  0               575.0 4496.0
  [total]         602.0 4497.0

w_co
  1                45.0    1.0
  0               557.0 4496.0
  [total]         602.0 4497.0

w_from
  1                94.0  133.0
  0               508.0 4364.0
  [total]         602.0 4497.0

w_ton
  1                50.0    2.0
  0               552.0 4495.0
  [total]         602.0 4497.0

w_cash
  1                42.0   12.0
  0               560.0 4485.0
  [total]         602.0 4497.0

w_contact
  1                58.0   11.0
  0               544.0 4486.0
  [total]         602.0 4497.0

w_cs
  1                10.0    1.0
  0               592.0 4496.0
  [total]         602.0 4497.0

w_nok
  1                36.0    2.0
  0               566.0 4495.0
  [total]         602.0 4497.0

w_pobox
  1                41.0    1.0
  0               561.0 4496.0
  [total]         602.0 4497.0

w_a
  1               258.0  809.0
  0               344.0 3688.0
  [total]         602.0 4497.0

w_urgent
  1                33.0    3.0
  0               569.0 4494.0
  [total]         602.0 4497.0

w_our
  1                70.0   51.0
  0               532.0 4446.0
  [total]         602.0 4497.0

w_prize
  1                33.0    1.0
  0               569.0 4496.0
  [total]         602.0 4497.0

w_w
  1                46.0   15.0
  0               556.0 4482.0
  [total]         602.0 4497.0

w_draw
  1                26.0    5.0
  0               576.0 4492.0
  [total]         602.0 4497.0

w_week
  1                46.0   60.0
  0               556.0 4437.0
  [total]         602.0 4497.0

w_per
  1                40.0   10.0
  0               562.0 4487.0
  [total]         602.0 4497.0

w_po
  1                27.0    4.0
  0               575.0 4493.0
  [total]         602.0 4497.0

w_latest
  1                21.0    4.0
  0               581.0 4493.0
  [total]         602.0 4497.0

w_free
  1                27.0   12.0
  0               575.0 4485.0
  [total]         602.0 4497.0

w_custom
  1                38.0   12.0
  0               564.0 4485.0
  [total]         602.0 4497.0

w_new
  1                56.0   57.0
  0               546.0 4440.0
  [total]         602.0 4497.0

w_guarantee
  1                24.0    1.0
  0               578.0 4496.0
  [total]         602.0 4497.0

w_my
  1                11.0  552.0
  0               591.0 3945.0
  [total]         602.0 4497.0

w_for
  1               148.0  400.0
  0               454.0 4097.0
  [total]         602.0 4497.0

w_vouch
  1                18.0    2.0
  0               584.0 4495.0
  [total]         602.0 4497.0

w_ur
  1                84.0  177.0
  0               518.0 4320.0
  [total]         602.0 4497.0

w_valid
  1                27.0    1.0
  0               575.0 4496.0
  [total]         602.0 4497.0

c_38
  1                 1.0    1.0
  0               601.0 4496.0
  [total]         602.0 4497.0

w_video
  1                28.0    3.0
  0               574.0 4494.0
  [total]         602.0 4497.0

w_min
  1                46.0   35.0
  0               556.0 4462.0
  [total]         602.0 4497.0

w_select
  1                29.0    3.0
  0               573.0 4494.0
  [total]         602.0 4497.0

w_rington
  1                26.0    1.0
  0               576.0 4496.0
  [total]         602.0 4497.0

w_mob
  1                23.0    1.0
  0               579.0 4496.0
  [total]         602.0 4497.0

w_await
  1                15.0    2.0
  0               587.0 4495.0
  [total]         602.0 4497.0

w_collect
  1                20.0    8.0
  0               582.0 4489.0
  [total]         602.0 4497.0

w_cost
  1                33.0    9.0
  0               569.0 4488.0
  [total]         602.0 4497.0

w_receiv
  1                29.0    6.0
  0               573.0 4491.0
  [total]         602.0 4497.0

w_chat
  1                35.0   16.0
  0               567.0 4481.0
  [total]         602.0 4497.0

w_apply
  1                13.0    6.0
  0               589.0 4491.0
  [total]         602.0 4497.0

w_on
  1               156.0  520.0
  0               446.0 3977.0
  [total]         602.0 4497.0

w_entry
  1                 4.0    1.0
  0               598.0 4496.0
  [total]         602.0 4497.0

w_optout
  1                10.0    1.0
  0               592.0 4496.0
  [total]         602.0 4497.0

w_msg
  1                48.0   39.0
  0               554.0 4458.0
  [total]         602.0 4497.0

c_39
  1                62.0 1209.0
  0               540.0 3288.0
  [total]         602.0 4497.0

c_59
  1                 3.0   34.0
  0               599.0 4463.0
  [total]         602.0 4497.0

w_mins
  1                21.0    2.0
  0               581.0 4495.0
  [total]         602.0 4497.0

w_http
  1                16.0    1.0
  0               586.0 4496.0
  [total]         602.0 4497.0

w_landline
  1                10.0    1.0
  0               592.0 4496.0
  [total]         602.0 4497.0

w_guaranteed
  1                21.0    1.0
  0               581.0 4496.0
  [total]         602.0 4497.0

w_sae
  1                 9.0    1.0
  0               593.0 4496.0
  [total]         602.0 4497.0

w_camer
  1                15.0    4.0
  0               587.0 4493.0
  [total]         602.0 4497.0

w_c
  1                22.0   57.0
  0               580.0 4440.0
  [total]         602.0 4497.0

w_rat
  1                23.0    2.0
  0               579.0 4495.0
  [total]         602.0 4497.0

w_poly
  1                20.0    1.0
  0               582.0 4496.0
  [total]         602.0 4497.0

w_but
  1                 8.0  385.0
  0               594.0 4112.0
  [total]         602.0 4497.0

w_network
  1                26.0    7.0
  0               576.0 4490.0
  [total]         602.0 4497.0

w_orang
  1                 6.0    3.0
  0               596.0 4494.0
  [total]         602.0 4497.0

w_it
  1                31.0  659.0
  0               571.0 3838.0
  [total]         602.0 4497.0

w_tone
  1                17.0    1.0
  0               585.0 4496.0
  [total]         602.0 4497.0

w_hl
  1                17.0    1.0
  0               585.0 4496.0
  [total]         602.0 4497.0

w_me
  1                29.0  625.0
  0               573.0 3872.0
  [total]         602.0 4497.0

w_attempt
  1                20.0    1.0
  0               582.0 4496.0
  [total]         602.0 4497.0

w_holiday
  1                19.0   11.0
  0               583.0 4486.0
  [total]         602.0 4497.0

w_delivery
  1                21.0    1.0
  0               581.0 4496.0
  [total]         602.0 4497.0

w_expir
  1                19.0    1.0
  0               583.0 4496.0
  [total]         602.0 4497.0

w_pound
  1                24.0    6.0
  0               578.0 4491.0
  [total]         602.0 4497.0

w_lt
  1                 1.0    3.0
  0               601.0 4494.0
  [total]         602.0 4497.0

w_gt
  1                 1.0    3.0
  0               601.0 4494.0
  [total]         602.0 4497.0

w_sms
  1                28.0   17.0
  0               574.0 4480.0
  [total]         602.0 4497.0

c_46
  1               467.0 2849.0
  0               135.0 1648.0
  [total]         602.0 4497.0

c_62
  1                18.0    2.0
  0               584.0 4495.0
  [total]         602.0 4497.0

c_40
  1                40.0   55.0
  0               562.0 4442.0
  [total]         602.0 4497.0

w_unsubscrib
  1                16.0    1.0
  0               586.0 4496.0
  [total]         602.0 4497.0

w_pleas
  1                42.0   66.0
  0               560.0 4431.0
  [total]         602.0 4497.0

w_bon
  1                21.0    3.0
  0               581.0 4494.0
  [total]         602.0 4497.0

w_wk
  1                18.0    8.0
  0               584.0 4489.0
  [total]         602.0 4497.0

w_age
  1                10.0    2.0
  0               592.0 4495.0
  [total]         602.0 4497.0

w_mobileupd
  1                 5.0    1.0
  0               597.0 4496.0
  [total]         602.0 4497.0

w_ltd
  1                12.0    1.0
  0               590.0 4496.0
  [total]         602.0 4497.0

w_points
  1                17.0    1.0
  0               585.0 4496.0
  [total]         602.0 4497.0

w_gbp
  1                10.0    1.0
  0               592.0 4496.0
  [total]         602.0 4497.0

w_mobile
  1                15.0    1.0
  0               587.0 4496.0
  [total]         602.0 4497.0

w_private
  1                17.0    1.0
  0               585.0 4496.0
  [total]         602.0 4497.0

w_ident
  1                17.0    1.0
  0               585.0 4496.0
  [total]         602.0 4497.0

w_chant
  1                16.0    9.0
  0               586.0 4488.0
  [total]         602.0 4497.0

w_hrs
  1                23.0    9.0
  0               579.0 4488.0
  [total]         602.0 4497.0

c_58
  1               112.0  372.0
  0               490.0 4125.0
  [total]         602.0 4497.0

w_with
  1                84.0  214.0
  0               518.0 4283.0
  [total]         602.0 4497.0

w_lin
  1                15.0    9.0
  0               587.0 4488.0
  [total]         602.0 4497.0

w_line
  1                17.0    2.0
  0               585.0 4495.0
  [total]         602.0 4497.0

w_code
  1                16.0    1.0
  0               586.0 4496.0
  [total]         602.0 4497.0

w_lands
  1                15.0    1.0
  0               587.0 4496.0
  [total]         602.0 4497.0

w_collection
  1                11.0    1.0
  0               591.0 4496.0
  [total]         602.0 4497.0

w_quiz
  1                15.0    1.0
  0               587.0 4496.0
  [total]         602.0 4497.0

w_info
  1                16.0    2.0
  0               586.0 4495.0
  [total]         602.0 4497.0

w_land
  1                19.0    2.0
  0               583.0 4495.0
  [total]         602.0 4497.0

w_st
  1                26.0   18.0
  0               576.0 4479.0
  [total]         602.0 4497.0

c_45
  1                63.0  167.0
  0               539.0 4330.0
  [total]         602.0 4497.0

w_send
  1                64.0  113.0
  0               538.0 4384.0
  [total]         602.0 4497.0

w_club
  1                11.0    2.0
  0               591.0 4495.0
  [total]         602.0 4497.0

w_pm
  1                30.0   22.0
  0               572.0 4475.0
  [total]         602.0 4497.0

w_wq
  1                15.0    1.0
  0               587.0 4496.0
  [total]         602.0 4497.0

w_freemsg
  1                10.0    1.0
  0               592.0 4496.0
  [total]         602.0 4497.0

w_wkly
  1                 7.0    1.0
  0               595.0 4496.0
  [total]         602.0 4497.0

w_mths
  1                 9.0    2.0
  0               593.0 4495.0
  [total]         602.0 4497.0

w_cod
  1                16.0    2.0
  0               586.0 4495.0
  [total]         602.0 4497.0

w_suite
  1                15.0    1.0
  0               587.0 4496.0
  [total]         602.0 4497.0

w_txts
  1                 9.0    1.0
  0               593.0 4496.0
  [total]         602.0 4497.0

w_sk
  1                10.0    1.0
  0               592.0 4496.0
  [total]         602.0 4497.0

w_every
  1                28.0   29.0
  0               574.0 4468.0
  [total]         602.0 4497.0

w_ok
  1                 5.0  267.0
  0               597.0 4230.0
  [total]         602.0 4497.0

w_tri
  1                18.0    5.0
  0               584.0 4492.0
  [total]         602.0 4497.0

w_he
  1                 1.0  155.0
  0               601.0 4342.0
  [total]         602.0 4497.0

c_64
  1                15.0   11.0
  0               587.0 4486.0
  [total]         602.0 4497.0

w_gift
  1                10.0    8.0
  0               592.0 4489.0
  [total]         602.0 4497.0

w_how
  1                 7.0  288.0
  0               595.0 4209.0
  [total]         602.0 4497.0

w_offer
  1                 3.0    2.0
  0               599.0 4495.0
  [total]         602.0 4497.0

w_ll
  1                 3.0  226.0
  0               599.0 4271.0
  [total]         602.0 4497.0

w_that
  1                25.0  472.0
  0               577.0 4025.0
  [total]         602.0 4497.0

w_urg
  1                11.0    3.0
  0               591.0 4494.0
  [total]         602.0 4497.0

w_thi
  1                64.0  185.0
  0               538.0 4312.0
  [total]         602.0 4497.0

w_show
  1                33.0   37.0
  0               569.0 4460.0
  [total]         602.0 4497.0

w_subscrib
  1                13.0    1.0
  0               589.0 4496.0
  [total]         602.0 4497.0

w_ipod
  1                 8.0    1.0
  0               594.0 4496.0
  [total]         602.0 4497.0

w_un-redeemed
  1                13.0    1.0
  0               589.0 4496.0
  [total]         602.0 4497.0

w_am-
  1                13.0    1.0
  0               589.0 4496.0
  [total]         602.0 4497.0

w_colo
  1                16.0    6.0
  0               586.0 4491.0
  [total]         602.0 4497.0

w_row
  1                15.0    5.0
  0               587.0 4492.0
  [total]         602.0 4497.0

w_numb
  1                34.0   38.0
  0               568.0 4459.0
  [total]         602.0 4497.0

w_nd
  1                18.0   13.0
  0               584.0 4484.0
  [total]         602.0 4497.0

w_ac
  1                12.0    1.0
  0               590.0 4496.0
  [total]         602.0 4497.0

w_hg
  1                11.0    1.0
  0               591.0 4496.0
  [total]         602.0 4497.0

w_ts
  1                 1.0    1.0
  0               601.0 4496.0
  [total]         602.0 4497.0

w_std
  1                 7.0    1.0
  0               595.0 4496.0
  [total]         602.0 4497.0

w_phon
  1                29.0   65.0
  0               573.0 4432.0
  [total]         602.0 4497.0

w_lor
  1                 1.0  146.0
  0               601.0 4351.0
  [total]         602.0 4497.0

w_liv
  1                23.0   18.0
  0               579.0 4479.0
  [total]         602.0 4497.0

w_stat
  1                18.0    8.0
  0               584.0 4489.0
  [total]         602.0 4497.0

w_comply
  1                 2.0    2.0
  0               600.0 4495.0
  [total]         602.0 4497.0

w_congrat
  1                 3.0    2.0
  0               599.0 4495.0
  [total]         602.0 4497.0

w_pric
  1                 9.0    3.0
  0               593.0 4494.0
  [total]         602.0 4497.0

w_getzed
  1                11.0    1.0
  0               591.0 4496.0
  [total]         602.0 4497.0

w_repres
  1                11.0    1.0
  0               591.0 4496.0
  [total]         602.0 4497.0

w_ntt
  1                11.0    1.0
  0               591.0 4496.0
  [total]         602.0 4497.0

w_camera
  1                11.0    1.0
  0               591.0 4496.0
  [total]         602.0 4497.0

w_wc
  1                 8.0    1.0
  0               594.0 4496.0
  [total]         602.0 4497.0

w_ldn
  1                11.0    1.0
  0               591.0 4496.0
  [total]         602.0 4497.0

w_camcord
  1                11.0    1.0
  0               591.0 4496.0
  [total]         602.0 4497.0

w_fantasy
  1                11.0    1.0
  0               591.0 4496.0
  [total]         602.0 4497.0

c_ü
  1                 1.0  138.0
  0               601.0 4359.0
  [total]         602.0 4497.0

w_nat
  1                18.0    9.0
  0               584.0 4488.0
  [total]         602.0 4497.0

w_top
  1                18.0    9.0
  0               584.0 4488.0
  [total]         602.0 4497.0

w_play
  1                27.0   31.0
  0               575.0 4466.0
  [total]         602.0 4497.0




Number of Leaves  : 	2

Size of the tree : 	3


Time taken to build model: 43.18 seconds
Time taken to test model on training data: 0.27 seconds

=== Error on training data ===

Correctly Classified Instances        5499               98.6545 %
Incorrectly Classified Instances        75                1.3455 %
Kappa statistic                          0.9398
Mean absolute error                      0.0147
Root mean squared error                  0.1105
Relative absolute error                  6.3473 %
Root relative squared error             32.4338 %
Total Number of Instances             5574     


=== Confusion Matrix ===

    a    b   <-- classified as
  677   70 |    a = SPAM
    5 4822 |    b = HAM



=== Stratified cross-validation ===

Correctly Classified Instances        5499               98.6545 %
Incorrectly Classified Instances        75                1.3455 %
Kappa statistic                          0.9402
Mean absolute error                      0.0148
Root mean squared error                  0.1092
Relative absolute error                  6.3608 %
Root relative squared error             32.059  %
Total Number of Instances             5574     


=== Confusion Matrix ===

    a    b   <-- classified as
  683   64 |    a = SPAM
   11 4816 |    b = HAM

