
Naive Bayes Classifier

                 Class
Attribute         SPAM    HAM
                (0.13) (0.87)
==============================
c_£
  1               254.0    6.0
  0               495.0 4823.0
  [total]         749.0 4829.0

c_47
  1               220.0   37.0
  0               529.0 4792.0
  [total]         749.0 4829.0

w_cal
  1               323.0  262.0
  0               426.0 4567.0
  [total]         749.0 4829.0

w_p
  1               170.0    9.0
  0               579.0 4820.0
  [total]         749.0 4829.0

w_txt
  1               156.0   14.0
  0               593.0 4815.0
  [total]         749.0 4829.0

c_33
  1               367.0  563.0
  0               382.0 4266.0
  [total]         749.0 4829.0

w_claim
  1               110.0    1.0
  0               639.0 4828.0
  [total]         749.0 4829.0

w_fre
  1               152.0   48.0
  0               597.0 4781.0
  [total]         749.0 4829.0

w_i
  1                55.0 2031.0
  0               694.0 2798.0
  [total]         749.0 4829.0

w_to
  1               469.0 1220.0
  0               280.0 3609.0
  [total]         749.0 4829.0

w_www
  1                99.0    3.0
  0               650.0 4826.0
  [total]         749.0 4829.0

w_mobl
  1               103.0   16.0
  0               646.0 4813.0
  [total]         749.0 4829.0

w_uk
  1                73.0    2.0
  0               676.0 4827.0
  [total]         749.0 4829.0

w_yo
  1               236.0  392.0
  0               513.0 4437.0
  [total]         749.0 4829.0

c_43
  1                90.0   23.0
  0               659.0 4806.0
  [total]         749.0 4829.0

w_stop
  1               103.0   42.0
  0               646.0 4787.0
  [total]         749.0 4829.0

w_or
  1               181.0  224.0
  0               568.0 4605.0
  [total]         749.0 4829.0

w_text
  1               124.0   81.0
  0               625.0 4748.0
  [total]         749.0 4829.0

w_now
  1               195.0  292.0
  0               554.0 4537.0
  [total]         749.0 4829.0

w_reply
  1               100.0   47.0
  0               649.0 4782.0
  [total]         749.0 4829.0

w_priz
  1                57.0    1.0
  0               692.0 4828.0
  [total]         749.0 4829.0

w_award
  1                59.0    2.0
  0               690.0 4827.0
  [total]         749.0 4829.0

w_win
  1                82.0   26.0
  0               667.0 4803.0
  [total]         749.0 4829.0

w_won
  1                77.0   20.0
  0               672.0 4809.0
  [total]         749.0 4829.0

w_box
  1                61.0    6.0
  0               688.0 4823.0
  [total]         749.0 4829.0

w_serv
  1                63.0    8.0
  0               686.0 4821.0
  [total]         749.0 4829.0

w_ppm
  1                50.0    1.0
  0               699.0 4828.0
  [total]         749.0 4829.0

w_co
  1                53.0    3.0
  0               696.0 4826.0
  [total]         749.0 4829.0

w_from
  1               131.0  149.0
  0               618.0 4680.0
  [total]         749.0 4829.0

w_ton
  1                51.0    2.0
  0               698.0 4827.0
  [total]         749.0 4829.0

w_cash
  1                62.0   14.0
  0               687.0 4815.0
  [total]         749.0 4829.0

w_contact
  1                62.0   15.0
  0               687.0 4814.0
  [total]         749.0 4829.0

w_cs
  1                45.0    1.0
  0               704.0 4828.0
  [total]         749.0 4829.0

w_nok
  1                50.0    4.0
  0               699.0 4825.0
  [total]         749.0 4829.0

w_pobox
  1                43.0    1.0
  0               706.0 4828.0
  [total]         749.0 4829.0

w_a
  1               304.0  886.0
  0               445.0 3943.0
  [total]         749.0 4829.0

w_urgent
  1                49.0    6.0
  0               700.0 4823.0
  [total]         749.0 4829.0

w_our
  1                84.0   61.0
  0               665.0 4768.0
  [total]         749.0 4829.0

w_prize
  1                36.0    1.0
  0               713.0 4828.0
  [total]         749.0 4829.0

w_w
  1                49.0   16.0
  0               700.0 4813.0
  [total]         749.0 4829.0

w_draw
  1                40.0    6.0
  0               709.0 4823.0
  [total]         749.0 4829.0

w_week
  1                74.0   65.0
  0               675.0 4764.0
  [total]         749.0 4829.0

w_per
  1                46.0   14.0
  0               703.0 4815.0
  [total]         749.0 4829.0

w_po
  1                36.0    4.0
  0               713.0 4825.0
  [total]         749.0 4829.0

w_latest
  1                36.0    4.0
  0               713.0 4825.0
  [total]         749.0 4829.0

w_free
  1                43.0   12.0
  0               706.0 4817.0
  [total]         749.0 4829.0

w_custom
  1                43.0   12.0
  0               706.0 4817.0
  [total]         749.0 4829.0

w_new
  1                74.0   72.0
  0               675.0 4757.0
  [total]         749.0 4829.0

w_guarantee
  1                30.0    1.0
  0               719.0 4828.0
  [total]         749.0 4829.0

w_my
  1                12.0  603.0
  0               737.0 4226.0
  [total]         749.0 4829.0

w_for
  1               180.0  449.0
  0               569.0 4380.0
  [total]         749.0 4829.0

w_vouch
  1                31.0    2.0
  0               718.0 4827.0
  [total]         749.0 4829.0

w_ur
  1               115.0  201.0
  0               634.0 4628.0
  [total]         749.0 4829.0

w_valid
  1                28.0    1.0
  0               721.0 4828.0
  [total]         749.0 4829.0

c_38
  1               148.0  333.0
  0               601.0 4496.0
  [total]         749.0 4829.0

w_video
  1                31.0    3.0
  0               718.0 4826.0
  [total]         749.0 4829.0

w_min
  1                63.0   56.0
  0               686.0 4773.0
  [total]         749.0 4829.0

w_select
  1                32.0    4.0
  0               717.0 4825.0
  [total]         749.0 4829.0

w_rington
  1                27.0    1.0
  0               722.0 4828.0
  [total]         749.0 4829.0

w_mob
  1                26.0    1.0
  0               723.0 4828.0
  [total]         749.0 4829.0

w_await
  1                28.0    2.0
  0               721.0 4827.0
  [total]         749.0 4829.0

w_collect
  1                35.0    9.0
  0               714.0 4820.0
  [total]         749.0 4829.0

w_cost
  1                37.0   12.0
  0               712.0 4817.0
  [total]         749.0 4829.0

w_receiv
  1                34.0    9.0
  0               715.0 4820.0
  [total]         749.0 4829.0

w_chat
  1                39.0   16.0
  0               710.0 4813.0
  [total]         749.0 4829.0

w_apply
  1                31.0    6.0
  0               718.0 4823.0
  [total]         749.0 4829.0

w_on
  1               197.0  579.0
  0               552.0 4250.0
  [total]         749.0 4829.0

w_entry
  1                24.0    1.0
  0               725.0 4828.0
  [total]         749.0 4829.0

w_optout
  1                24.0    1.0
  0               725.0 4828.0
  [total]         749.0 4829.0

w_msg
  1                56.0   54.0
  0               693.0 4775.0
  [total]         749.0 4829.0

c_39
  1                93.0 1310.0
  0               656.0 3519.0
  [total]         749.0 4829.0

c_59
  1                 3.0  345.0
  0               746.0 4484.0
  [total]         749.0 4829.0

w_mins
  1                24.0    2.0
  0               725.0 4827.0
  [total]         749.0 4829.0

w_http
  1                22.0    1.0
  0               727.0 4828.0
  [total]         749.0 4829.0

w_landline
  1                22.0    1.0
  0               727.0 4828.0
  [total]         749.0 4829.0

w_guaranteed
  1                22.0    1.0
  0               727.0 4828.0
  [total]         749.0 4829.0

w_sae
  1                22.0    1.0
  0               727.0 4828.0
  [total]         749.0 4829.0

w_camer
  1                26.0    4.0
  0               723.0 4825.0
  [total]         749.0 4829.0

w_c
  1                57.0   63.0
  0               692.0 4766.0
  [total]         749.0 4829.0

w_rat
  1                23.0    2.0
  0               726.0 4827.0
  [total]         749.0 4829.0

w_poly
  1                21.0    1.0
  0               728.0 4828.0
  [total]         749.0 4829.0

w_but
  1                 8.0  417.0
  0               741.0 4412.0
  [total]         749.0 4829.0

w_network
  1                28.0    7.0
  0               721.0 4822.0
  [total]         749.0 4829.0

w_orang
  1                24.0    3.0
  0               725.0 4826.0
  [total]         749.0 4829.0

w_it
  1                35.0  737.0
  0               714.0 4092.0
  [total]         749.0 4829.0

w_tone
  1                20.0    1.0
  0               729.0 4828.0
  [total]         749.0 4829.0

w_hl
  1                20.0    1.0
  0               729.0 4828.0
  [total]         749.0 4829.0

w_me
  1                29.0  664.0
  0               720.0 4165.0
  [total]         749.0 4829.0

w_attempt
  1                23.0    3.0
  0               726.0 4826.0
  [total]         749.0 4829.0

w_holiday
  1                33.0   16.0
  0               716.0 4813.0
  [total]         749.0 4829.0

w_delivery
  1                21.0    2.0
  0               728.0 4827.0
  [total]         749.0 4829.0

w_expir
  1                19.0    1.0
  0               730.0 4828.0
  [total]         749.0 4829.0

w_pound
  1                25.0    6.0
  0               724.0 4823.0
  [total]         749.0 4829.0

w_lt
  1                 1.0  243.0
  0               748.0 4586.0
  [total]         749.0 4829.0

w_gt
  1                 1.0  243.0
  0               748.0 4586.0
  [total]         749.0 4829.0

w_sms
  1                34.0   20.0
  0               715.0 4809.0
  [total]         749.0 4829.0

c_46
  1               590.0 3081.0
  0               159.0 1748.0
  [total]         749.0 4829.0

c_62
  1                20.0    2.0
  0               729.0 4827.0
  [total]         749.0 4829.0

c_40
  1                53.0   66.0
  0               696.0 4763.0
  [total]         749.0 4829.0

w_unsubscrib
  1                18.0    1.0
  0               731.0 4828.0
  [total]         749.0 4829.0

w_pleas
  1                56.0   75.0
  0               693.0 4754.0
  [total]         749.0 4829.0

w_bon
  1                21.0    3.0
  0               728.0 4826.0
  [total]         749.0 4829.0

w_wk
  1                26.0    9.0
  0               723.0 4820.0
  [total]         749.0 4829.0

w_age
  1                19.0    2.0
  0               730.0 4827.0
  [total]         749.0 4829.0

w_mobileupd
  1                17.0    1.0
  0               732.0 4828.0
  [total]         749.0 4829.0

w_ltd
  1                17.0    1.0
  0               732.0 4828.0
  [total]         749.0 4829.0

w_points
  1                17.0    1.0
  0               732.0 4828.0
  [total]         749.0 4829.0

w_gbp
  1                17.0    1.0
  0               732.0 4828.0
  [total]         749.0 4829.0

w_mobile
  1                17.0    1.0
  0               732.0 4828.0
  [total]         749.0 4829.0

w_private
  1                17.0    1.0
  0               732.0 4828.0
  [total]         749.0 4829.0

w_ident
  1                17.0    1.0
  0               732.0 4828.0
  [total]         749.0 4829.0

w_chant
  1                26.0   10.0
  0               723.0 4819.0
  [total]         749.0 4829.0

w_hrs
  1                26.0   10.0
  0               723.0 4819.0
  [total]         749.0 4829.0

c_58
  1               144.0  426.0
  0               605.0 4403.0
  [total]         749.0 4829.0

w_with
  1               103.0  250.0
  0               646.0 4579.0
  [total]         749.0 4829.0

w_lin
  1                25.0    9.0
  0               724.0 4820.0
  [total]         749.0 4829.0

w_line
  1                18.0    2.0
  0               731.0 4827.0
  [total]         749.0 4829.0

w_code
  1                16.0    1.0
  0               733.0 4828.0
  [total]         749.0 4829.0

w_lands
  1                16.0    1.0
  0               733.0 4828.0
  [total]         749.0 4829.0

w_collection
  1                16.0    1.0
  0               733.0 4828.0
  [total]         749.0 4829.0

w_quiz
  1                16.0    1.0
  0               733.0 4828.0
  [total]         749.0 4829.0

w_info
  1                19.0    3.0
  0               730.0 4826.0
  [total]         749.0 4829.0

w_land
  1                19.0    3.0
  0               730.0 4826.0
  [total]         749.0 4829.0

w_st
  1                31.0   21.0
  0               718.0 4808.0
  [total]         749.0 4829.0

c_45
  1                83.0  180.0
  0               666.0 4649.0
  [total]         749.0 4829.0

w_send
  1                70.0  135.0
  0               679.0 4694.0
  [total]         749.0 4829.0

w_club
  1                17.0    2.0
  0               732.0 4827.0
  [total]         749.0 4829.0

w_pm
  1                32.0   25.0
  0               717.0 4804.0
  [total]         749.0 4829.0

w_wq
  1                15.0    1.0
  0               734.0 4828.0
  [total]         749.0 4829.0

w_freemsg
  1                15.0    1.0
  0               734.0 4828.0
  [total]         749.0 4829.0

w_wkly
  1                15.0    1.0
  0               734.0 4828.0
  [total]         749.0 4829.0

w_mths
  1                16.0    2.0
  0               733.0 4827.0
  [total]         749.0 4829.0

w_cod
  1                16.0    2.0
  0               733.0 4827.0
  [total]         749.0 4829.0

w_suite
  1                16.0    2.0
  0               733.0 4827.0
  [total]         749.0 4829.0

w_txts
  1                14.0    1.0
  0               735.0 4828.0
  [total]         749.0 4829.0

w_sk
  1                14.0    1.0
  0               735.0 4828.0
  [total]         749.0 4829.0

w_every
  1                34.0   34.0
  0               715.0 4795.0
  [total]         749.0 4829.0

w_ok
  1                 6.0  276.0
  0               743.0 4553.0
  [total]         749.0 4829.0

w_tri
  1                19.0    6.0
  0               730.0 4823.0
  [total]         749.0 4829.0

w_he
  1                 1.0  172.0
  0               748.0 4657.0
  [total]         749.0 4829.0

c_64
  1                24.0   14.0
  0               725.0 4815.0
  [total]         749.0 4829.0

w_gift
  1                21.0    9.0
  0               728.0 4820.0
  [total]         749.0 4829.0

w_how
  1                 8.0  301.0
  0               741.0 4528.0
  [total]         749.0 4829.0

w_offer
  1                15.0    2.0
  0               734.0 4827.0
  [total]         749.0 4829.0

w_ll
  1                 5.0  255.0
  0               744.0 4574.0
  [total]         749.0 4829.0

w_that
  1                27.0  523.0
  0               722.0 4306.0
  [total]         749.0 4829.0

w_urg
  1                16.0    3.0
  0               733.0 4826.0
  [total]         749.0 4829.0

w_thi
  1                84.0  209.0
  0               665.0 4620.0
  [total]         749.0 4829.0

w_show
  1                36.0   42.0
  0               713.0 4787.0
  [total]         749.0 4829.0

w_subscrib
  1                13.0    1.0
  0               736.0 4828.0
  [total]         749.0 4829.0

w_ipod
  1                13.0    1.0
  0               736.0 4828.0
  [total]         749.0 4829.0

w_un-redeemed
  1                13.0    1.0
  0               736.0 4828.0
  [total]         749.0 4829.0

w_am-
  1                13.0    1.0
  0               736.0 4828.0
  [total]         749.0 4829.0

w_colo
  1                18.0    6.0
  0               731.0 4823.0
  [total]         749.0 4829.0

w_row
  1                17.0    5.0
  0               732.0 4824.0
  [total]         749.0 4829.0

w_numb
  1                35.0   43.0
  0               714.0 4786.0
  [total]         749.0 4829.0

w_nd
  1                22.0   13.0
  0               727.0 4816.0
  [total]         749.0 4829.0

w_ac
  1                12.0    1.0
  0               737.0 4828.0
  [total]         749.0 4829.0

w_hg
  1                12.0    1.0
  0               737.0 4828.0
  [total]         749.0 4829.0

w_ts
  1                12.0    1.0
  0               737.0 4828.0
  [total]         749.0 4829.0

w_std
  1                12.0    1.0
  0               737.0 4828.0
  [total]         749.0 4829.0

w_phon
  1                42.0   65.0
  0               707.0 4764.0
  [total]         749.0 4829.0

w_lor
  1                 1.0  146.0
  0               748.0 4683.0
  [total]         749.0 4829.0

w_liv
  1                25.0   21.0
  0               724.0 4808.0
  [total]         749.0 4829.0

w_stat
  1                18.0    8.0
  0               731.0 4821.0
  [total]         749.0 4829.0

w_comply
  1                13.0    2.0
  0               736.0 4827.0
  [total]         749.0 4829.0

w_congrat
  1                13.0    2.0
  0               736.0 4827.0
  [total]         749.0 4829.0

w_pric
  1                17.0    7.0
  0               732.0 4822.0
  [total]         749.0 4829.0

w_getzed
  1                11.0    1.0
  0               738.0 4828.0
  [total]         749.0 4829.0

w_repres
  1                11.0    1.0
  0               738.0 4828.0
  [total]         749.0 4829.0

w_ntt
  1                11.0    1.0
  0               738.0 4828.0
  [total]         749.0 4829.0

w_camera
  1                11.0    1.0
  0               738.0 4828.0
  [total]         749.0 4829.0

w_wc
  1                11.0    1.0
  0               738.0 4828.0
  [total]         749.0 4829.0

w_ldn
  1                11.0    1.0
  0               738.0 4828.0
  [total]         749.0 4829.0

w_camcord
  1                11.0    1.0
  0               738.0 4828.0
  [total]         749.0 4829.0

w_fantasy
  1                11.0    1.0
  0               738.0 4828.0
  [total]         749.0 4829.0

c_ü
  1                 1.0  138.0
  0               748.0 4691.0
  [total]         749.0 4829.0

w_nat
  1                18.0    9.0
  0               731.0 4820.0
  [total]         749.0 4829.0

w_top
  1                18.0    9.0
  0               731.0 4820.0
  [total]         749.0 4829.0

w_play
  1                30.0   36.0
  0               719.0 4793.0
  [total]         749.0 4829.0



Time taken to build model: 0.04 seconds
Time taken to test model on training data: 0.29 seconds

=== Error on training data ===

Correctly Classified Instances        5493               98.5468 %
Incorrectly Classified Instances        81                1.4532 %
Kappa statistic                          0.9351
Mean absolute error                      0.0157
Root mean squared error                  0.1146
Relative absolute error                  6.751  %
Root relative squared error             33.6353 %
Total Number of Instances             5574     


=== Confusion Matrix ===

    a    b   <-- classified as
  675   72 |    a = SPAM
    9 4818 |    b = HAM



=== Stratified cross-validation ===

Correctly Classified Instances        5487               98.4392 %
Incorrectly Classified Instances        87                1.5608 %
Kappa statistic                          0.9302
Mean absolute error                      0.0162
Root mean squared error                  0.1165
Relative absolute error                  6.9773 %
Root relative squared error             34.1848 %
Total Number of Instances             5574     

=== Detailed Accuracy By Class ===

               TP Rate   FP Rate   Precision   Recall  F-Measure   ROC Area  Class
                 0.898     0.002      0.984     0.898     0.939      0.993    SPAM
                 0.998     0.102      0.984     0.998     0.991      0.993    HAM
Weighted Avg.    0.984     0.088      0.984     0.984     0.984      0.993

=== Confusion Matrix ===

    a    b   <-- classified as
  671   76 |    a = SPAM
   11 4816 |    b = HAM

